1	1
2	0
3	0
4	0
5	0
6	0
7	0
8	0
9	1
10	1
11	1
12	1
13	1
14	1
15	1
16	1
17	0
18	0
19	0
20	0
21	0
22	0
23	0
24	0
25	1
26	1
27	1
28	1
29	1
30	1
31	1
32	1
33	0
34	0
35	0
36	0
37	0
38	0
39	0
40	0
41	0
42	1
43	1
44	1
45	1
46	1
47	1
48	1
49	1
50	1
51	1
52	0
53	0
54	0
55	0
56	0
57	0
58	0
59	0
60	0
61	0
62	0
63	0
64	0
65	1
66	1
67	1
68	1
69	1
70	1
71	1
72	1
73	1
74	1
75	1
76	1
77	1
78	1
79	1
80	1
81	1
82	1
83	1
84	1
85	1
86	1
87	1
88	1
89	1
90	1
91	1
92	1
93	1
94	1
95	1
96	1
97	1
98	1
99	1
100	1
101	1
102	1
103	1
104	1
105	1
106	1
107	1
108	1
109	1
110	1
111	1
112	1
113	1
114	1
115	1
116	1
117	1
118	1
119	1
120	1
121	1
122	1
123	1
124	0
125	0
126	0
127	0
128	0
129	0
130	0
131	0
132	0
133	0
134	0
135	0
136	0
137	1
138	1
139	1
140	1
141	1
142	1
143	1
144	1
145	1
146	1
147	0
148	0
149	0
150	0
151	0
152	0
153	0
154	0
155	0
156	1
157	1
158	1
159	1
160	1
161	1
162	1
163	1
164	1
165	0
166	0
167	0
168	0
169	0
170	0
171	0
172	1
173	1
174	1
175	1
176	1
177	1
178	1
179	1
180	0
181	0
182	0
183	0
184	0
185	0
186	0
187	1
188	1
189	1
190	1
191	1
192	1
193	1
194	1
195	0
196	0
197	0
198	0
199	0
200	0
201	0
202	1
203	1
204	1
205	1
206	1
207	1
208	1
209	1
210	0
211	0
212	0
213	0
214	0
215	0
216	0
217	0
218	1
219	1
220	1
221	1
222	1
223	1
224	1
225	1
226	1
227	0
228	0
229	0
230	0
231	0
232	0
233	0
234	0
235	0
236	0
237	0
238	1
239	1
240	1
241	1
242	1
243	1
244	1
245	1
246	1
247	1
248	1
249	1
250	0
251	0
252	0
253	0
254	0
255	0
256	0
257	0
258	0
259	0
260	0
261	0
262	0
263	0
264	0
265	0
266	0
267	0
268	0
269	0
270	0
271	0
272	0
273	0
274	0
275	0
276	0
277	0
278	0
279	0
280	0
281	0
282	0
283	0
284	0
285	0
286	0
287	0
288	0
289	0
290	0
291	0
292	0
293	0
294	0
295	0
296	0
297	0
298	0
299	0
300	0
301	0
302	0
303	0
304	0
305	0
306	0
307	0
308	0
309	0
310	0
311	1
312	1
313	1
314	1
315	1
316	1
317	1
318	1
319	1
320	1
321	1
322	1
323	1
324	0
325	0
326	0
327	0
328	0
329	0
330	0
331	0
332	0
333	0
334	1
335	1
336	1
337	1
338	1
339	1
340	1
341	1
342	1
343	0
344	0
345	0
346	0
347	0
348	0
349	0
350	0
351	1
352	1
353	1
354	1
355	1
356	1
357	1
358	1
359	0
360	0
361	0
362	0
363	0
364	0
365	0
366	0
367	1
368	1
369	1
370	1
371	1
372	1
373	1
374	0
375	0
376	0
377	0
378	0
379	0
380	0
381	0
382	1
383	1
384	1
385	1
386	1
387	1
388	1
389	0
390	0
391	0
392	0
393	0
394	0
395	0
396	0
397	1
398	1
399	1
400	1
401	1
402	1
403	1
404	1
405	0
406	0
407	0
408	0
409	0
410	0
411	0
412	0
413	0
414	1
415	1
416	1
417	1
418	1
419	1
420	1
421	1
422	1
423	1
424	0
425	0
426	0
427	0
428	0
429	0
430	0
431	0
432	0
433	0
434	0
435	0
436	0
437	1
438	1
439	1
440	1
441	1
442	1
443	1
444	1
445	1
446	1
447	1
448	1
449	1
450	1
451	1
452	1
453	1
454	1
455	1
456	1
457	1
458	1
459	1
460	1
461	1
462	1
463	1
464	1
465	1
466	1
467	1
468	1
469	1
470	1
471	1
472	1
473	1
474	1
475	1
476	1
477	1
478	1
479	1
480	1
481	1
482	1
483	1
484	1
485	1
486	1
487	1
488	1
489	1
490	1
491	1
492	1
493	1
494	1
495	1
496	0
497	0
498	0
499	0
500	0
501	0
502	0
503	0
504	0
505	0
506	0
507	0
508	0
509	1
510	1
511	1
512	1
513	1
514	1
515	1
516	1
517	1
518	1
519	1
520	0
521	0
522	0
523	0
524	0
525	0
526	0
527	0
528	0
529	1
530	1
531	1
532	1
533	1
534	1
535	1
536	1
537	0
538	0
539	0
540	0
541	0
542	0
543	0
544	0
545	1
546	1
547	1
548	1
549	1
550	1
551	1
552	0
553	0
554	0
555	0
556	0
557	0
558	0
559	0
560	1
561	1
562	1
563	1
564	1
565	1
566	1
567	0
568	0
569	0
570	0
571	0
572	0
573	0
574	0
575	1
576	1
577	1
578	1
579	1
580	1
581	1
582	1
583	0
584	0
585	0
586	0
587	0
588	0
589	0
590	0
591	1
592	1
593	1
594	1
595	1
596	1
597	1
598	1
599	1
600	0
601	0
602	0
603	0
604	0
605	0
606	0
607	0
608	0
609	0
610	1
611	1
612	1
613	1
614	1
615	1
616	1
617	1
618	1
619	1
620	1
621	1
622	1
623	0
624	0
625	0
626	0
627	0
628	0
629	0
630	0
631	0
632	0
633	0
634	0
635	0
636	0
637	0
638	0
639	0
640	0
641	0
642	0
643	0
644	0
645	0
646	0
647	0
648	0
649	0
650	0
651	0
652	0
653	0
654	0
655	0
656	0
657	0
658	0
659	0
660	0
661	0
662	0
663	0
664	0
665	0
666	0
667	0
668	0
669	0
670	0
671	0
672	0
673	0
674	0
675	0
676	0
677	0
678	0
679	0
680	0
681	0
682	0
683	0
684	1
685	1
686	1
687	1
688	1
689	1
690	1
691	1
692	1
693	1
694	1
695	1
696	0
697	0
698	0
699	0
700	0
701	0
702	0
703	0
704	0
705	0
706	0
707	1
708	1
709	1
710	1
711	1
712	1
713	1
714	1
715	0
716	0
717	0
718	0
719	0
720	0
721	0
722	0
723	0
724	1
725	1
726	1
727	1
728	1
729	1
730	1
731	0
732	0
733	0
734	0
735	0
736	0
737	0
738	0
739	1
740	1
741	1
742	1
743	1
744	1
745	1
746	0
747	0
748	0
749	0
750	0
751	0
752	0
753	0
754	1
755	1
756	1
757	1
758	1
759	1
760	1
761	0
762	0
763	0
764	0
765	0
766	0
767	0
768	0
769	1
770	1
771	1
772	1
773	1
774	1
775	1
776	1
777	1
778	0
779	0
780	0
781	0
782	0
783	0
784	0
785	0
786	0
787	1
788	1
789	1
790	1
791	1
792	1
793	1
794	1
795	1
796	1
797	0
798	0
799	0
800	0
801	0
802	0
803	0
804	0
805	0
806	0
807	0
808	0
809	0
810	1
811	1
812	1
813	1
814	1
815	1
816	1
817	1
818	1
819	1
820	1
821	1
822	1
823	1
824	1
825	1
826	1
827	1
828	1
829	1
830	1
831	1
832	1
833	1
834	1
835	1
836	1
837	1
838	1
839	1
840	1
841	1
842	1
843	1
844	1
845	1
846	1
847	1
848	1
849	1
850	1
851	1
852	1
853	1
854	1
855	1
856	1
857	1
858	1
859	1
860	1
861	1
862	1
863	1
864	1
865	1
866	1
867	1
868	1
869	0
870	0
871	0
872	0
873	0
874	0
875	0
876	0
877	0
878	0
879	0
880	0
881	0
882	1
883	1
884	1
885	1
886	1
887	1
888	1
889	1
890	1
891	1
892	0
893	0
894	0
895	0
896	0
897	0
898	0
899	0
900	0
901	1
902	1
903	1
904	1
905	1
906	1
907	1
908	1
909	0
910	0
911	0
912	0
913	0
914	0
915	0
916	0
917	1
918	1
919	1
920	1
921	1
922	1
923	1
924	1
925	0
926	0
927	0
928	0
929	0
930	0
931	0
932	1
933	1
934	1
935	1
936	1
937	1
938	1
939	1
940	0
941	0
942	0
943	0
944	0
945	0
946	0
947	1
948	1
949	1
950	1
951	1
952	1
953	1
954	1
955	0
956	0
957	0
958	0
959	0
960	0
961	0
962	0
963	1
964	1
965	1
966	1
967	1
968	1
969	1
970	1
971	1
972	0
973	0
974	0
975	0
976	0
977	0
978	0
979	0
980	0
981	0
982	1
983	1
984	1
985	1
986	1
987	1
988	1
989	1
990	1
991	1
992	1
993	1
994	1
995	0
996	0
997	0
998	0
999	0
1000	0
1001	0
1002	0
1003	0
1004	0
1005	0
1006	0
1007	0
1008	0
1009	0
1010	0
1011	0
1012	0
1013	0
1014	0
1015	0
1016	0
1017	0
1018	0
1019	0
1020	0
1021	0
1022	0
1023	0
1024	0
1025	0
1026	0
1027	0
1028	0
1029	0
1030	0
1031	0
1032	0
1033	0
1034	0
1035	0
1036	0
1037	0
1038	0
1039	0
1040	0
1041	0
1042	0
1043	0
1044	0
1045	0
1046	0
1047	0
1048	0
1049	0
1050	0
1051	0
1052	0
1053	0
1054	0
1055	0
1056	1
1057	1
1058	1
1059	1
1060	1
1061	1
1062	1
1063	1
1064	1
1065	1
1066	1
1067	1
1068	1
1069	0
1070	0
1071	0
1072	0
1073	0
1074	0
1075	0
1076	0
1077	0
1078	0
1079	1
1080	1
1081	1
1082	1
1083	1
1084	1
1085	1
1086	1
1087	1
1088	0
1089	0
1090	0
1091	0
1092	0
1093	0
1094	0
1095	0
1096	1
1097	1
1098	1
1099	1
1100	1
1101	1
1102	1
1103	1
1104	0
1105	0
1106	0
1107	0
1108	0
1109	0
1110	0
1111	1
1112	1
1113	1
1114	1
1115	1
1116	1
1117	1
1118	1
1119	0
1120	0
1121	0
1122	0
1123	0
1124	0
1125	0
1126	1
1127	1
1128	1
1129	1
1130	1
1131	1
1132	1
1133	1
1134	0
1135	0
1136	0
1137	0
1138	0
1139	0
1140	0
1141	0
1142	1
1143	1
1144	1
1145	1
1146	1
1147	1
1148	1
1149	1
1150	0
1151	0
1152	0
1153	0
1154	0
1155	0
1156	0
1157	0
1158	0
1159	1
1160	1
1161	1
1162	1
1163	1
1164	1
1165	1
1166	1
1167	1
1168	1
1169	0
1170	0
1171	0
1172	0
1173	0
1174	0
1175	0
1176	0
1177	0
1178	0
1179	0
1180	0
1181	0
1182	1
1183	1
1184	1
1185	1
1186	1
1187	1
1188	1
1189	1
1190	1
1191	1
1192	1
1193	1
1194	1
1195	1
1196	1
1197	1
1198	1
1199	1
1200	1
1201	1
1202	1
1203	1
1204	1
1205	1
1206	1
1207	1
1208	1
1209	1
1210	1
1211	1
1212	1
1213	1
1214	1
1215	1
1216	1
1217	1
1218	1
1219	1
1220	1
1221	1
1222	1
1223	1
1224	1
1225	1
1226	1
1227	1
1228	1
1229	1
1230	1
1231	1
1232	1
1233	1
1234	1
1235	1
1236	1
1237	1
1238	1
1239	1
1240	1
1241	0
1242	0
1243	0
1244	0
1245	0
1246	0
1247	0
1248	0
1249	0
1250	0
1251	0
1252	0
1253	0
1254	1
1255	1
1256	1
1257	1
1258	1
1259	1
1260	1
1261	1
1262	1
1263	1
1264	0
1265	0
1266	0
1267	0
1268	0
1269	0
1270	0
1271	0
1272	0
1273	1
1274	1
1275	1
1276	1
1277	1
1278	1
1279	1
1280	1
1281	1
1282	0
1283	0
1284	0
1285	0
1286	0
1287	0
1288	0
1289	0
1290	1
1291	1
1292	1
1293	1
1294	1
1295	1
1296	1
1297	0
1298	0
1299	0
1300	0
1301	0
1302	0
1303	0
1304	0
1305	1
1306	1
1307	1
1308	1
1309	1
1310	1
1311	1
1312	0
1313	0
1314	0
1315	0
1316	0
1317	0
1318	0
1319	0
1320	1
1321	1
1322	1
1323	1
1324	1
1325	1
1326	1
1327	0
1328	0
1329	0
1330	0
1331	0
1332	0
1333	0
1334	0
1335	0
1336	1
1337	1
1338	1
1339	1
1340	1
1341	1
1342	1
1343	1
1344	0
1345	0
1346	0
1347	0
1348	0
1349	0
1350	0
1351	0
1352	0
1353	0
1354	0
1355	1
1356	1
1357	1
1358	1
1359	1
1360	1
1361	1
1362	1
1363	1
1364	1
1365	1
1366	1
1367	0
1368	0
1369	0
1370	0
1371	0
1372	0
1373	0
1374	0
1375	0
1376	0
1377	0
1378	0
1379	0
1380	0
1381	0
1382	0
1383	0
1384	0
1385	0
1386	0
1387	0
1388	0
1389	0
1390	0
1391	0
1392	0
1393	0
1394	0
1395	0
1396	0
1397	0
1398	0
1399	0
1400	0
1401	0
1402	0
1403	0
1404	0
1405	0
1406	0
1407	0
1408	0
1409	0
1410	0
1411	0
1412	0
1413	0
1414	0
1415	0
1416	0
1417	0
1418	0
1419	0
1420	0
1421	0
1422	0
1423	0
1424	0
1425	0
1426	0
1427	0
1428	1
1429	1
1430	1
1431	1
1432	1
1433	1
1434	1
1435	1
1436	1
1437	1
1438	1
1439	1
1440	1
1441	0
1442	0
1443	0
1444	0
1445	0
1446	0
1447	0
1448	0
1449	0
1450	0
1451	1
1452	1
1453	1
1454	1
1455	1
1456	1
1457	1
1458	1
1459	1
1460	0
1461	0
1462	0
1463	0
1464	0
1465	0
1466	0
1467	0
1468	1
1469	1
1470	1
1471	1
1472	1
1473	1
1474	1
1475	1
1476	0
1477	0
1478	0
1479	0
1480	0
1481	0
1482	0
1483	0
1484	1
1485	1
1486	1
1487	1
1488	1
1489	1
1490	1
1491	0
1492	0
1493	0
1494	0
1495	0
1496	0
1497	0
1498	0
1499	1
1500	1
1501	1
1502	1
1503	1
1504	1
1505	1
1506	0
1507	0
1508	0
1509	0
1510	0
1511	0
1512	0
1513	0
1514	1
1515	1
1516	1
1517	1
1518	1
1519	1
1520	1
1521	1
1522	0
1523	0
1524	0
1525	0
1526	0
1527	0
1528	0
1529	0
1530	0
1531	1
1532	1
1533	1
1534	1
1535	1
1536	1
1537	1
1538	1
1539	1
1540	1
1541	1
1542	0
1543	0
1544	0
1545	0
1546	0
1547	0
1548	0
1549	0
1550	0
1551	0
1552	0
1553	0
1554	0
1555	1
1556	1
1557	1
1558	1
1559	1
1560	1
1561	1
1562	1
1563	1
1564	1
1565	1
1566	1
1567	1
1568	1
1569	1
1570	1
1571	1
1572	1
1573	1
1574	1
1575	1
1576	1
1577	1
1578	1
1579	1
1580	1
1581	1
1582	1
1583	1
1584	1
1585	1
1586	1
1587	1
1588	1
1589	1
1590	1
1591	1
1592	1
1593	1
1594	1
1595	1
1596	1
1597	1
1598	1
1599	1
1600	1
1601	1
1602	1
1603	1
1604	1
1605	1
1606	1
1607	1
1608	1
1609	1
1610	1
1611	1
1612	1
1613	1
1614	0
1615	0
1616	0
1617	0
1618	0
1619	0
1620	0
1621	0
1622	0
1623	0
1624	0
1625	0
1626	0
1627	1
1628	1
1629	1
1630	1
1631	1
1632	1
1633	1
1634	1
1635	1
1636	1
1637	0
1638	0
1639	0
1640	0
1641	0
1642	0
1643	0
1644	0
1645	0
1646	1
1647	1
1648	1
1649	1
1650	1
1651	1
1652	1
1653	1
1654	0
1655	0
1656	0
1657	0
1658	0
1659	0
1660	0
1661	0
1662	1
1663	1
1664	1
1665	1
1666	1
1667	1
1668	1
1669	0
1670	0
1671	0
1672	0
1673	0
1674	0
1675	0
1676	0
1677	1
1678	1
1679	1
1680	1
1681	1
1682	1
1683	1
1684	0
1685	0
1686	0
1687	0
1688	0
1689	0
1690	0
1691	0
1692	1
1693	1
1694	1
1695	1
1696	1
1697	1
1698	1
1699	1
1700	0
1701	0
1702	0
1703	0
1704	0
1705	0
1706	0
1707	0
1708	1
1709	1
1710	1
1711	1
1712	1
1713	1
1714	1
1715	1
1716	1
1717	0
1718	0
1719	0
1720	0
1721	0
1722	0
1723	0
1724	0
1725	0
1726	0
1727	1
1728	1
1729	1
1730	1
1731	1
1732	1
1733	1
1734	1
1735	1
1736	1
1737	1
1738	1
1739	1
1740	0
1741	0
1742	0
1743	0
1744	0
1745	0
1746	0
1747	0
1748	0
1749	0
1750	0
1751	0
1752	0
1753	0
1754	0
1755	0
1756	0
1757	0
1758	0
1759	0
1760	0
1761	0
1762	0
1763	0
1764	0
1765	0
1766	0
1767	0
1768	0
1769	0
1770	0
1771	0
1772	0
1773	0
1774	0
1775	0
1776	0
1777	0
1778	0
1779	0
1780	0
1781	0
1782	0
1783	0
1784	0
1785	0
1786	0
1787	0
1788	0
1789	0
1790	0
1791	0
1792	0
1793	0
1794	0
1795	0
1796	0
1797	0
1798	0
1799	0
1800	0
1801	1
1802	1
1803	1
1804	1
1805	1
1806	1
1807	1
1808	1
1809	1
1810	1
1811	1
1812	1
1813	0
1814	0
1815	0
1816	0
1817	0
1818	0
1819	0
1820	0
1821	0
1822	0
1823	0
1824	1
1825	1
1826	1
1827	1
1828	1
1829	1
1830	1
1831	1
1832	1
1833	0
1834	0
1835	0
1836	0
1837	0
1838	0
1839	0
1840	0
1841	1
1842	1
1843	1
1844	1
1845	1
1846	1
1847	1
1848	1
1849	0
1850	0
1851	0
1852	0
1853	0
1854	0
1855	0
1856	1
1857	1
1858	1
1859	1
1860	1
1861	1
1862	1
1863	1
1864	0
1865	0
1866	0
1867	0
1868	0
1869	0
1870	0
1871	1
1872	1
1873	1
1874	1
1875	1
1876	1
1877	1
1878	1
1879	0
1880	0
1881	0
1882	0
1883	0
1884	0
1885	0
1886	1
1887	1
1888	1
1889	1
1890	1
1891	1
1892	1
1893	1
1894	1
1895	0
1896	0
1897	0
1898	0
1899	0
1900	0
1901	0
1902	0
1903	0
1904	1
1905	1
1906	1
1907	1
1908	1
1909	1
1910	1
1911	1
1912	1
1913	1
1914	0
1915	0
1916	0
1917	0
1918	0
1919	0
1920	0
1921	0
1922	0
1923	0
1924	0
1925	0
1926	0
1927	1
1928	1
1929	1
1930	1
1931	1
1932	1
1933	1
1934	1
1935	1
1936	1
1937	1
1938	1
1939	1
1940	1
1941	1
1942	1
1943	1
1944	1
1945	1
1946	1
1947	1
1948	1
1949	1
1950	1
1951	1
1952	1
1953	1
1954	1
1955	1
1956	1
1957	1
1958	1
1959	1
1960	1
1961	1
1962	1
1963	1
1964	1
1965	1
1966	1
1967	1
1968	1
1969	1
1970	1
1971	1
1972	1
1973	1
1974	1
1975	1
1976	1
1977	1
1978	1
1979	1
1980	1
1981	1
1982	1
1983	1
1984	1
1985	1
1986	0
1987	0
1988	0
1989	0
1990	0
1991	0
1992	0
1993	0
1994	0
1995	0
1996	0
1997	0
1998	0
1999	1
2000	1
2001	1
2002	1
2003	1
2004	1
2005	1
2006	1
2007	1
2008	1
2009	0
2010	0
2011	0
2012	0
2013	0
2014	0
2015	0
2016	0
2017	0
2018	1
2019	1
2020	1
2021	1
2022	1
2023	1
2024	1
2025	1
2026	0
2027	0
2028	0
2029	0
2030	0
2031	0
2032	0
2033	0
2034	1
2035	1
2036	1
2037	1
2038	1
2039	1
2040	1
2041	1
2042	0
2043	0
2044	0
2045	0
2046	0
2047	0
2048	0
2049	1
2050	1
2051	1
2052	1
2053	1
2054	1
2055	1
2056	1
2057	0
2058	0
2059	0
2060	0
2061	0
2062	0
2063	0
2064	1
2065	1
2066	1
2067	1
2068	1
2069	1
2070	1
2071	1
2072	0
2073	0
2074	0
2075	0
2076	0
2077	0
2078	0
2079	0
2080	1
2081	1
2082	1
2083	1
2084	1
2085	1
2086	1
2087	1
2088	1
2089	0
2090	0
2091	0
2092	0
2093	0
2094	0
2095	0
2096	0
2097	0
2098	0
2099	1
2100	1
2101	1
2102	1
2103	1
2104	1
2105	1
2106	1
2107	1
2108	1
2109	1
2110	1
2111	1
2112	0
2113	0
2114	0
2115	0
2116	0
2117	0
2118	0
2119	0
2120	0
2121	0
2122	0
2123	0
2124	0
2125	0
2126	0
2127	0
2128	0
2129	0
2130	0
2131	0
2132	0
2133	0
2134	0
2135	0
2136	0
2137	0
2138	0
2139	0
2140	0
2141	0
2142	0
2143	0
2144	0
2145	0
2146	0
2147	0
2148	0
2149	0
2150	0
2151	0
2152	0
2153	0
2154	0
2155	0
2156	0
2157	0
2158	0
2159	0
2160	0
2161	0
2162	0
2163	0
2164	0
2165	0
2166	0
2167	0
2168	0
2169	0
2170	0
2171	0
2172	0
2173	1
2174	1
2175	1
2176	1
2177	1
2178	1
2179	1
2180	1
2181	1
2182	1
2183	1
2184	1
2185	1
2186	0
2187	0
2188	0
2189	0
2190	0
2191	0
2192	0
2193	0
2194	0
2195	0
2196	1
2197	1
2198	1
2199	1
2200	1
2201	1
2202	1
2203	1
2204	1
2205	0
2206	0
2207	0
2208	0
2209	0
2210	0
2211	0
2212	0
2213	1
2214	1
2215	1
2216	1
2217	1
2218	1
2219	1
2220	1
2221	0
2222	0
2223	0
2224	0
2225	0
2226	0
2227	0
2228	1
2229	1
2230	1
2231	1
2232	1
2233	1
2234	1
2235	1
2236	0
2237	0
2238	0
2239	0
2240	0
2241	0
2242	0
2243	1
2244	1
2245	1
2246	1
2247	1
2248	1
2249	1
2250	1
2251	0
2252	0
2253	0
2254	0
2255	0
2256	0
2257	0
2258	0
2259	1
2260	1
2261	1
2262	1
2263	1
2264	1
2265	1
2266	1
2267	0
2268	0
2269	0
2270	0
2271	0
2272	0
2273	0
2274	0
2275	0
2276	1
2277	1
2278	1
2279	1
2280	1
2281	1
2282	1
2283	1
2284	1
2285	1
2286	0
2287	0
2288	0
2289	0
2290	0
2291	0
2292	0
2293	0
2294	0
2295	0
2296	0
2297	0
2298	0
2299	1
2300	1
2301	1
2302	1
2303	1
2304	1
2305	1
2306	1
2307	1
2308	1
2309	1
2310	1
2311	1
2312	1
2313	1
2314	1
2315	1
2316	1
2317	1
2318	1
2319	1
2320	1
2321	1
2322	1
2323	1
2324	1
2325	1
2326	1
2327	1
2328	1
2329	1
2330	1
2331	1
2332	1
2333	1
2334	1
2335	1
2336	1
2337	1
2338	1
2339	1
2340	1
2341	1
2342	1
2343	1
2344	1
2345	1
2346	1
2347	1
2348	1
2349	1
2350	1
2351	1
2352	1
2353	1
2354	1
2355	1
2356	1
2357	1
2358	0
2359	0
2360	0
2361	0
2362	0
2363	0
2364	0
2365	0
2366	0
2367	0
2368	0
2369	0
2370	0
2371	1
2372	1
2373	1
2374	1
2375	1
2376	1
2377	1
2378	1
2379	1
2380	1
2381	1
2382	0
2383	0
2384	0
2385	0
2386	0
2387	0
2388	0
2389	0
2390	0
2391	1
2392	1
2393	1
2394	1
2395	1
2396	1
2397	1
2398	1
2399	0
2400	0
2401	0
2402	0
2403	0
2404	0
2405	0
2406	0
2407	1
2408	1
2409	1
2410	1
2411	1
2412	1
2413	1
2414	0
2415	0
2416	0
2417	0
2418	0
2419	0
2420	0
2421	0
2422	1
2423	1
2424	1
2425	1
2426	1
2427	1
2428	1
2429	0
2430	0
2431	0
2432	0
2433	0
2434	0
2435	0
2436	0
2437	1
2438	1
2439	1
2440	1
2441	1
2442	1
2443	1
2444	0
2445	0
2446	0
2447	0
2448	0
2449	0
2450	0
2451	0
2452	0
2453	1
2454	1
2455	1
2456	1
2457	1
2458	1
2459	1
2460	1
2461	1
2462	0
2463	0
2464	0
2465	0
2466	0
2467	0
2468	0
2469	0
2470	0
2471	0
2472	1
2473	1
2474	1
2475	1
2476	1
2477	1
2478	1
2479	1
2480	1
2481	1
2482	1
2483	1
2484	1
2485	0
2486	0
2487	0
2488	0
2489	0
2490	0
2491	0
2492	0
2493	0
2494	0
2495	0
2496	0
2497	0
2498	0
2499	0
2500	0
2501	0
2502	0
2503	0
2504	0
2505	0
2506	0
2507	0
2508	0
2509	0
2510	0
2511	0
2512	0
2513	0
2514	0
2515	0
2516	0
2517	0
2518	0
2519	0
2520	0
2521	0
2522	0
2523	0
2524	0
2525	0
2526	0
2527	0
2528	0
2529	0
2530	0
2531	0
2532	0
2533	0
2534	0
2535	0
2536	0
2537	0
2538	0
2539	0
2540	0
2541	0
2542	0
2543	0
2544	0
2545	1
2546	1
2547	1
2548	1
2549	1
2550	1
2551	1
2552	1
2553	1
2554	1
2555	1
2556	1
2557	1
2558	0
2559	0
2560	0
2561	0
2562	0
2563	0
2564	0
2565	0
2566	0
2567	0
2568	1
2569	1
2570	1
2571	1
2572	1
2573	1
2574	1
2575	1
2576	1
2577	0
2578	0
2579	0
2580	0
2581	0
2582	0
2583	0
2584	0
2585	0
2586	1
2587	1
2588	1
2589	1
2590	1
2591	1
2592	1
2593	0
2594	0
2595	0
2596	0
2597	0
2598	0
2599	0
2600	0
2601	1
2602	1
2603	1
2604	1
2605	1
2606	1
2607	1
2608	0
2609	0
2610	0
2611	0
2612	0
2613	0
2614	0
2615	0
2616	1
2617	1
2618	1
2619	1
2620	1
2621	1
2622	1
2623	0
2624	0
2625	0
2626	0
2627	0
2628	0
2629	0
2630	0
2631	1
2632	1
2633	1
2634	1
2635	1
2636	1
2637	1
2638	1
2639	0
2640	0
2641	0
2642	0
2643	0
2644	0
2645	0
2646	0
2647	0
2648	1
2649	1
2650	1
2651	1
2652	1
2653	1
2654	1
2655	1
2656	1
2657	1
2658	1
2659	0
2660	0
2661	0
2662	0
2663	0
2664	0
2665	0
2666	0
2667	0
2668	0
2669	0
2670	0
2671	0
2672	1
2673	1
2674	1
2675	1
2676	1
2677	1
2678	1
2679	1
2680	1
2681	1
2682	1
2683	1
2684	1
2685	1
2686	1
2687	1
2688	1
2689	1
2690	1
2691	1
2692	1
2693	1
2694	1
2695	1
2696	1
2697	1
2698	1
2699	1
2700	1
2701	1
2702	1
2703	1
2704	1
2705	1
2706	1
2707	1
2708	1
2709	1
2710	1
2711	1
2712	1
2713	1
2714	1
2715	1
2716	1
2717	1
2718	1
2719	1
2720	1
2721	1
2722	1
2723	1
2724	1
2725	1
2726	1
2727	1
2728	1
2729	1
2730	1
2731	0
2732	0
2733	0
2734	0
2735	0
2736	0
2737	0
2738	0
2739	0
2740	0
2741	0
2742	0
2743	0
2744	1
2745	1
2746	1
2747	1
2748	1
2749	1
2750	1
2751	1
2752	1
2753	1
2754	0
2755	0
2756	0
2757	0
2758	0
2759	0
2760	0
2761	0
2762	0
2763	1
2764	1
2765	1
2766	1
2767	1
2768	1
2769	1
2770	1
2771	0
2772	0
2773	0
2774	0
2775	0
2776	0
2777	0
2778	0
2779	1
2780	1
2781	1
2782	1
2783	1
2784	1
2785	1
2786	1
2787	0
2788	0
2789	0
2790	0
2791	0
2792	0
2793	0
2794	1
2795	1
2796	1
2797	1
2798	1
2799	1
2800	1
2801	0
2802	0
2803	0
2804	0
2805	0
2806	0
2807	0
2808	0
2809	1
2810	1
2811	1
2812	1
2813	1
2814	1
2815	1
2816	1
2817	0
2818	0
2819	0
2820	0
2821	0
2822	0
2823	0
2824	0
2825	1
2826	1
2827	1
2828	1
2829	1
2830	1
2831	1
2832	1
2833	1
2834	0
2835	0
2836	0
2837	0
2838	0
2839	0
2840	0
2841	0
2842	0
2843	0
2844	1
2845	1
2846	1
2847	1
2848	1
2849	1
2850	1
2851	1
2852	1
2853	1
2854	1
2855	1
2856	1
2857	0
2858	0
2859	0
2860	0
2861	0
2862	0
2863	0
2864	0
2865	0
2866	0
2867	0
2868	0
2869	0
2870	0
2871	0
2872	0
2873	0
2874	0
2875	0
2876	0
2877	0
2878	0
2879	0
2880	0
2881	0
2882	0
2883	0
2884	0
2885	0
2886	0
2887	0
2888	0
2889	0
2890	0
2891	0
2892	0
2893	0
2894	0
2895	0
2896	0
2897	0
2898	0
2899	0
2900	0
2901	0
2902	0
2903	0
2904	0
2905	0
2906	0
2907	0
2908	0
2909	0
2910	0
2911	0
2912	0
2913	0
2914	0
2915	0
2916	0
2917	0
2918	1
2919	1
2920	1
2921	1
2922	1
2923	1
2924	1
2925	1
2926	1
2927	1
2928	1
2929	1
2930	0
2931	0
2932	0
2933	0
2934	0
2935	0
2936	0
2937	0
2938	0
2939	0
2940	0
2941	1
2942	1
2943	1
2944	1
2945	1
2946	1
2947	1
2948	1
2949	1
2950	0
2951	0
2952	0
2953	0
2954	0
2955	0
2956	0
2957	0
2958	1
2959	1
2960	1
2961	1
2962	1
2963	1
2964	1
2965	1
2966	0
2967	0
2968	0
2969	0
2970	0
2971	0
2972	0
2973	1
2974	1
2975	1
2976	1
2977	1
2978	1
2979	1
2980	1
2981	0
2982	0
2983	0
2984	0
2985	0
2986	0
2987	0
2988	1
2989	1
2990	1
2991	1
2992	1
2993	1
2994	1
2995	1
2996	0
2997	0
2998	0
2999	0
3000	0
3001	0
3002	0
3003	1
3004	1
3005	1
3006	1
3007	1
3008	1
3009	1
3010	1
3011	1
3012	0
3013	0
3014	0
3015	0
3016	0
3017	0
3018	0
3019	0
3020	0
3021	1
3022	1
3023	1
3024	1
3025	1
3026	1
3027	1
3028	1
3029	1
3030	1
3031	0
3032	0
3033	0
3034	0
3035	0
3036	0
3037	0
3038	0
3039	0
3040	0
3041	0
3042	0
3043	0
3044	1
3045	1
3046	1
3047	1
3048	1
3049	1
3050	1
3051	1
3052	1
3053	1
3054	1
3055	1
3056	1
3057	1
3058	1
3059	1
3060	1
3061	1
3062	1
3063	1
3064	1
3065	1
3066	1
3067	1
3068	1
3069	1
3070	1
3071	1
3072	1
3073	1
3074	1
3075	1
3076	1
3077	1
3078	1
3079	1
3080	1
3081	1
3082	1
3083	1
3084	1
3085	1
3086	1
3087	1
3088	1
3089	1
3090	1
3091	1
3092	1
3093	1
3094	1
3095	1
3096	1
3097	1
3098	1
3099	1
3100	1
3101	1
3102	1
3103	0
3104	0
3105	0
3106	0
3107	0
3108	0
3109	0
3110	0
3111	0
3112	0
3113	0
3114	0
3115	0
3116	1
3117	1
3118	1
3119	1
3120	1
3121	1
3122	1
3123	1
3124	1
3125	1
3126	0
3127	0
3128	0
3129	0
3130	0
3131	0
3132	0
3133	0
3134	0
3135	1
3136	1
3137	1
3138	1
3139	1
3140	1
3141	1
3142	1
3143	1
3144	0
3145	0
3146	0
3147	0
3148	0
3149	0
3150	0
3151	1
3152	1
3153	1
3154	1
3155	1
3156	1
3157	1
3158	1
3159	0
3160	0
3161	0
3162	0
3163	0
3164	0
3165	0
3166	1
3167	1
3168	1
3169	1
3170	1
3171	1
3172	1
3173	1
3174	0
3175	0
3176	0
3177	0
3178	0
3179	0
3180	0
3181	1
3182	1
3183	1
3184	1
3185	1
3186	1
3187	1
3188	1
3189	0
3190	0
3191	0
3192	0
3193	0
3194	0
3195	0
3196	0
3197	1
3198	1
3199	1
3200	1
3201	1
3202	1
3203	1
3204	1
3205	1
3206	0
3207	0
3208	0
3209	0
3210	0
3211	0
3212	0
3213	0
3214	0
3215	0
3216	0
3217	1
3218	1
3219	1
3220	1
3221	1
3222	1
3223	1
3224	1
3225	1
3226	1
3227	1
3228	1
3229	0
3230	0
3231	0
3232	0
3233	0
3234	0
3235	0
3236	0
3237	0
3238	0
3239	0
3240	0
3241	0
3242	0
3243	0
3244	0
3245	0
3246	0
3247	0
3248	0
3249	0
3250	0
3251	0
3252	0
3253	0
3254	0
3255	0
3256	0
3257	0
3258	0
3259	0
3260	0
3261	0
3262	0
3263	0
3264	0
3265	0
3266	0
3267	0
3268	0
3269	0
3270	0
3271	0
3272	0
3273	0
3274	0
3275	0
3276	0
3277	0
3278	0
3279	0
3280	0
3281	0
3282	0
3283	0
3284	0
3285	0
3286	0
3287	0
3288	0
3289	0
3290	1
3291	1
3292	1
3293	1
3294	1
3295	1
3296	1
3297	1
3298	1
3299	1
3300	1
3301	1
3302	1
3303	0
3304	0
3305	0
3306	0
3307	0
3308	0
3309	0
3310	0
3311	0
3312	0
3313	1
3314	1
3315	1
3316	1
3317	1
3318	1
3319	1
3320	1
3321	1
3322	0
3323	0
3324	0
3325	0
3326	0
3327	0
3328	0
3329	0
3330	1
3331	1
3332	1
3333	1
3334	1
3335	1
3336	1
3337	1
3338	0
3339	0
3340	0
3341	0
3342	0
3343	0
3344	0
3345	0
3346	1
3347	1
3348	1
3349	1
3350	1
3351	1
3352	1
3353	0
3354	0
3355	0
3356	0
3357	0
3358	0
3359	0
3360	1
3361	1
3362	1
3363	1
3364	1
3365	1
3366	1
3367	1
3368	0
3369	0
3370	0
3371	0
3372	0
3373	0
3374	0
3375	0
3376	1
3377	1
3378	1
3379	1
3380	1
3381	1
3382	1
3383	1
3384	0
3385	0
3386	0
3387	0
3388	0
3389	0
3390	0
3391	0
3392	0
3393	1
3394	1
3395	1
3396	1
3397	1
3398	1
3399	1
3400	1
3401	1
3402	1
3403	0
3404	0
3405	0
3406	0
3407	0
3408	0
3409	0
3410	0
3411	0
3412	0
3413	0
3414	0
3415	0
3416	1
3417	1
3418	1
3419	1
3420	1
3421	1
3422	1
3423	1
3424	1
3425	1
3426	1
3427	1
3428	1
3429	1
3430	1
3431	1
3432	1
3433	1
3434	1
3435	1
3436	1
3437	1
3438	1
3439	1
3440	1
3441	1
3442	1
3443	1
3444	1
3445	1
3446	1
3447	1
3448	1
3449	1
3450	1
3451	1
3452	1
3453	1
3454	1
3455	1
3456	1
3457	1
3458	1
3459	1
3460	1
3461	1
3462	1
3463	1
3464	1
3465	1
3466	1
3467	1
3468	1
3469	1
3470	1
3471	1
3472	1
3473	1
3474	1
3475	0
3476	0
3477	0
3478	0
3479	0
3480	0
3481	0
3482	0
3483	0
3484	0
3485	0
3486	0
3487	0
3488	1
3489	1
3490	1
3491	1
3492	1
3493	1
3494	1
3495	1
3496	1
3497	1
3498	1
3499	0
3500	0
3501	0
3502	0
3503	0
3504	0
3505	0
3506	0
3507	0
3508	1
3509	1
3510	1
3511	1
3512	1
3513	1
3514	1
3515	1
3516	0
3517	0
3518	0
3519	0
3520	0
3521	0
3522	0
3523	0
3524	1
3525	1
3526	1
3527	1
3528	1
3529	1
3530	1
3531	0
3532	0
3533	0
3534	0
3535	0
3536	0
3537	0
3538	0
3539	1
3540	1
3541	1
3542	1
3543	1
3544	1
3545	1
3546	0
3547	0
3548	0
3549	0
3550	0
3551	0
3552	0
3553	0
3554	1
3555	1
3556	1
3557	1
3558	1
3559	1
3560	1
3561	0
3562	0
3563	0
3564	0
3565	0
3566	0
3567	0
3568	0
3569	0
3570	1
3571	1
3572	1
3573	1
3574	1
3575	1
3576	1
3577	1
3578	1
3579	0
3580	0
3581	0
3582	0
3583	0
3584	0
3585	0
3586	0
3587	0
3588	0
3589	1
3590	1
3591	1
3592	1
3593	1
3594	1
3595	1
3596	1
3597	1
3598	1
3599	1
3600	1
3601	1
3602	0
3603	0
3604	0
3605	0
3606	0
3607	0
3608	0
3609	0
3610	0
3611	0
3612	0
3613	0
3614	0
3615	0
3616	0
3617	0
3618	0
3619	0
3620	0
3621	0
3622	0
3623	0
3624	0
3625	0
3626	0
3627	0
3628	0
3629	0
3630	0
3631	0
3632	0
3633	0
3634	0
3635	0
3636	0
3637	0
3638	0
3639	0
3640	0
3641	0
3642	0
3643	0
3644	0
3645	0
3646	0
3647	0
3648	0
3649	0
3650	0
3651	0
3652	0
3653	0
3654	0
3655	0
3656	0
3657	0
3658	0
3659	0
3660	0
3661	0
3662	1
3663	1
3664	1
3665	1
3666	1
3667	1
3668	1
3669	1
3670	1
3671	1
3672	1
3673	1
3674	1
3675	0
3676	0
3677	0
3678	0
3679	0
3680	0
3681	0
3682	0
3683	0
3684	0
3685	1
3686	1
3687	1
3688	1
3689	1
3690	1
3691	1
3692	1
3693	1
3694	0
3695	0
3696	0
3697	0
3698	0
3699	0
3700	0
3701	0
3702	0
3703	1
3704	1
3705	1
3706	1
3707	1
3708	1
3709	1
3710	0
3711	0
3712	0
3713	0
3714	0
3715	0
3716	0
3717	0
3718	1
3719	1
3720	1
3721	1
3722	1
3723	1
3724	1
3725	0
3726	0
3727	0
3728	0
3729	0
3730	0
3731	0
3732	0
3733	1
3734	1
3735	1
3736	1
3737	1
3738	1
3739	1
3740	0
3741	0
3742	0
3743	0
3744	0
3745	0
3746	0
3747	0
3748	1
3749	1
3750	1
3751	1
3752	1
3753	1
3754	1
3755	1
3756	0
3757	0
3758	0
3759	0
3760	0
3761	0
3762	0
3763	0
3764	0
3765	1
3766	1
3767	1
3768	1
3769	1
3770	1
3771	1
3772	1
3773	1
3774	1
3775	1
3776	0
3777	0
3778	0
3779	0
3780	0
3781	0
3782	0
3783	0
3784	0
3785	0
3786	0
3787	0
3788	0
3789	1
3790	1
3791	1
3792	1
3793	1
3794	1
3795	1
3796	1
3797	1
3798	1
3799	1
3800	1
3801	1
3802	1
3803	1
3804	1
3805	1
3806	1
3807	1
3808	1
3809	1
3810	1
3811	1
3812	1
3813	1
3814	1
3815	1
3816	1
3817	1
3818	1
3819	1
3820	1
3821	1
3822	1
3823	1
3824	1
3825	1
3826	1
3827	1
3828	1
3829	1
3830	1
3831	1
3832	1
3833	1
3834	1
3835	1
3836	1
3837	1
3838	1
3839	1
3840	1
3841	1
3842	1
3843	1
3844	1
3845	1
3846	1
3847	1
3848	0
3849	0
3850	0
3851	0
3852	0
3853	0
3854	0
3855	0
3856	0
3857	0
3858	0
3859	0
3860	0
3861	1
3862	1
3863	1
3864	1
3865	1
3866	1
3867	1
3868	1
3869	1
3870	1
3871	0
3872	0
3873	0
3874	0
3875	0
3876	0
3877	0
3878	0
3879	0
3880	1
3881	1
3882	1
3883	1
3884	1
3885	1
3886	1
3887	1
3888	0
3889	0
3890	0
3891	0
3892	0
3893	0
3894	0
3895	0
3896	1
3897	1
3898	1
3899	1
3900	1
3901	1
3902	1
3903	1
3904	0
3905	0
3906	0
3907	0
3908	0
3909	0
3910	0
3911	1
3912	1
3913	1
3914	1
3915	1
3916	1
3917	1
3918	1
3919	0
3920	0
3921	0
3922	0
3923	0
3924	0
3925	0
3926	1
3927	1
3928	1
3929	1
3930	1
3931	1
3932	1
3933	1
3934	0
3935	0
3936	0
3937	0
3938	0
3939	0
3940	0
3941	0
3942	1
3943	1
3944	1
3945	1
3946	1
3947	1
3948	1
3949	1
3950	1
3951	0
3952	0
3953	0
3954	0
3955	0
3956	0
3957	0
3958	0
3959	0
3960	0
3961	1
3962	1
3963	1
3964	1
3965	1
3966	1
3967	1
3968	1
3969	1
3970	1
3971	1
3972	1
3973	1
3974	0
3975	0
3976	0
3977	0
3978	0
3979	0
3980	0
3981	0
3982	0
3983	0
3984	0
3985	0
3986	0
3987	0
3988	0
3989	0
3990	0
3991	0
3992	0
3993	0
3994	0
3995	0
3996	0
3997	0
3998	0
3999	0
4000	0
4001	0
4002	0
4003	0
4004	0
4005	0
4006	0
4007	0
4008	0
4009	0
4010	0
4011	0
4012	0
4013	0
4014	0
4015	0
4016	0
4017	0
4018	0
4019	0
4020	0
4021	0
4022	0
4023	0
4024	0
4025	0
4026	0
4027	0
4028	0
4029	0
4030	0
4031	0
4032	0
4033	0
4034	0
4035	1
4036	1
4037	1
4038	1
4039	1
4040	1
4041	1
4042	1
4043	1
4044	1
4045	1
4046	1
4047	1
4048	0
4049	0
4050	0
4051	0
4052	0
4053	0
4054	0
4055	0
4056	0
4057	0
4058	1
4059	1
4060	1
4061	1
4062	1
4063	1
4064	1
4065	1
4066	1
4067	0
4068	0
4069	0
4070	0
4071	0
4072	0
4073	0
4074	0
4075	1
4076	1
4077	1
4078	1
4079	1
4080	1
4081	1
4082	1
4083	0
4084	0
4085	0
4086	0
4087	0
4088	0
4089	0
4090	1
4091	1
4092	1
4093	1
4094	1
4095	1
4096	1