1	1
2	0
3	0
4	0
5	1
6	1
7	1
8	1
9	0
10	0
11	0
12	0
13	1
14	1
15	1
16	1
17	0
18	0
19	0
20	0
21	1
22	1
23	1
24	1
25	0
26	0
27	0
28	0
29	1
30	1
31	1
32	1
33	0
34	0
35	0
36	0
37	1
38	1
39	1
40	1
41	1
42	0
43	0
44	0
45	0
46	0
47	1
48	1
49	1
50	1
51	1
52	0
53	0
54	0
55	0
56	0
57	0
58	1
59	1
60	1
61	1
62	1
63	1
64	1
65	0
66	0
67	0
68	0
69	0
70	0
71	0
72	0
73	0
74	1
75	1
76	1
77	1
78	1
79	1
80	1
81	1
82	1
83	1
84	1
85	1
86	1
87	1
88	1
89	1
90	1
91	1
92	1
93	1
94	1
95	1
96	1
97	1
98	1
99	1
100	1
101	1
102	1
103	1
104	1
105	1
106	1
107	1
108	1
109	1
110	1
111	1
112	1
113	1
114	1
115	0
116	0
117	0
118	0
119	0
120	0
121	0
122	0
123	0
124	1
125	1
126	1
127	1
128	1
129	1
130	1
131	0
132	0
133	0
134	0
135	0
136	0
137	1
138	1
139	1
140	1
141	1
142	0
143	0
144	0
145	0
146	0
147	1
148	1
149	1
150	1
151	1
152	0
153	0
154	0
155	0
156	1
157	1
158	1
159	1
160	1
161	0
162	0
163	0
164	0
165	1
166	1
167	1
168	1
169	0
170	0
171	0
172	1
173	1
174	1
175	1
176	0
177	0
178	0
179	0
180	1
181	1
182	1
183	1
184	0
185	0
186	0
187	1
188	1
189	1
190	1
191	0
192	0
193	0
194	0
195	1
196	1
197	1
198	1
199	0
200	0
201	0
202	1
203	1
204	1
205	1
206	0
207	0
208	0
209	0
210	1
211	1
212	1
213	1
214	0
215	0
216	0
217	0
218	1
219	1
220	1
221	1
222	1
223	0
224	0
225	0
226	0
227	1
228	1
229	1
230	1
231	1
232	0
233	0
234	0
235	0
236	0
237	0
238	1
239	1
240	1
241	1
242	1
243	0
244	0
245	0
246	0
247	0
248	0
249	0
250	1
251	1
252	1
253	1
254	1
255	1
256	1
257	1
258	1
259	0
260	0
261	0
262	0
263	0
264	0
265	0
266	0
267	0
268	0
269	0
270	0
271	0
272	0
273	0
274	0
275	0
276	0
277	0
278	0
279	0
280	0
281	0
282	0
283	0
284	0
285	0
286	0
287	0
288	0
289	0
290	0
291	0
292	0
293	0
294	0
295	0
296	0
297	0
298	0
299	0
300	0
301	0
302	1
303	1
304	1
305	1
306	1
307	1
308	1
309	1
310	1
311	0
312	0
313	0
314	0
315	0
316	0
317	0
318	1
319	1
320	1
321	1
322	1
323	1
324	0
325	0
326	0
327	0
328	0
329	1
330	1
331	1
332	1
333	1
334	0
335	0
336	0
337	0
338	0
339	1
340	1
341	1
342	1
343	0
344	0
345	0
346	0
347	1
348	1
349	1
350	1
351	0
352	0
353	0
354	0
355	1
356	1
357	1
358	1
359	0
360	0
361	0
362	0
363	1
364	1
365	1
366	1
367	0
368	0
369	0
370	1
371	1
372	1
373	1
374	0
375	0
376	0
377	0
378	1
379	1
380	1
381	1
382	0
383	0
384	0
385	1
386	1
387	1
388	1
389	0
390	0
391	0
392	0
393	1
394	1
395	1
396	1
397	0
398	0
399	0
400	0
401	1
402	1
403	1
404	1
405	0
406	0
407	0
408	0
409	0
410	1
411	1
412	1
413	1
414	0
415	0
416	0
417	0
418	0
419	1
420	1
421	1
422	1
423	1
424	0
425	0
426	0
427	0
428	0
429	0
430	1
431	1
432	1
433	1
434	1
435	1
436	1
437	0
438	0
439	0
440	0
441	0
442	0
443	0
444	0
445	0
446	0
447	1
448	1
449	1
450	1
451	1
452	1
453	1
454	1
455	1
456	1
457	1
458	1
459	1
460	1
461	1
462	1
463	1
464	1
465	1
466	1
467	1
468	1
469	1
470	1
471	1
472	1
473	1
474	1
475	1
476	1
477	1
478	1
479	1
480	1
481	1
482	1
483	1
484	1
485	1
486	1
487	0
488	0
489	0
490	0
491	0
492	0
493	0
494	0
495	0
496	1
497	1
498	1
499	1
500	1
501	1
502	1
503	0
504	0
505	0
506	0
507	0
508	0
509	1
510	1
511	1
512	1
513	1
514	1
515	0
516	0
517	0
518	0
519	0
520	1
521	1
522	1
523	1
524	0
525	0
526	0
527	0
528	0
529	1
530	1
531	1
532	1
533	0
534	0
535	0
536	0
537	1
538	1
539	1
540	1
541	0
542	0
543	0
544	0
545	1
546	1
547	1
548	1
549	0
550	0
551	0
552	1
553	1
554	1
555	1
556	0
557	0
558	0
559	0
560	1
561	1
562	1
563	1
564	0
565	0
566	0
567	1
568	1
569	1
570	1
571	0
572	0
573	0
574	0
575	1
576	1
577	1
578	1
579	0
580	0
581	0
582	0
583	1
584	1
585	1
586	1
587	0
588	0
589	0
590	0
591	1
592	1
593	1
594	1
595	0
596	0
597	0
598	0
599	0
600	1
601	1
602	1
603	1
604	1
605	0
606	0
607	0
608	0
609	0
610	1
611	1
612	1
613	1
614	1
615	1
616	0
617	0
618	0
619	0
620	0
621	0
622	0
623	1
624	1
625	1
626	1
627	1
628	1
629	1
630	1
631	0
632	0
633	0
634	0
635	0
636	0
637	0
638	0
639	0
640	0
641	0
642	0
643	0
644	0
645	0
646	0
647	0
648	0
649	0
650	0
651	0
652	0
653	0
654	0
655	0
656	0
657	0
658	0
659	0
660	0
661	0
662	0
663	0
664	0
665	0
666	0
667	0
668	0
669	0
670	0
671	0
672	0
673	0
674	0
675	1
676	1
677	1
678	1
679	1
680	1
681	1
682	1
683	1
684	0
685	0
686	0
687	0
688	0
689	0
690	1
691	1
692	1
693	1
694	1
695	1
696	0
697	0
698	0
699	0
700	0
701	0
702	1
703	1
704	1
705	1
706	1
707	0
708	0
709	0
710	0
711	1
712	1
713	1
714	1
715	0
716	0
717	0
718	0
719	0
720	1
721	1
722	1
723	1
724	0
725	0
726	0
727	0
728	1
729	1
730	1
731	0
732	0
733	0
734	0
735	1
736	1
737	1
738	1
739	0
740	0
741	0
742	0
743	1
744	1
745	1
746	0
747	0
748	0
749	0
750	1
751	1
752	1
753	1
754	0
755	0
756	0
757	0
758	1
759	1
760	1
761	0
762	0
763	0
764	0
765	1
766	1
767	1
768	1
769	0
770	0
771	0
772	0
773	1
774	1
775	1
776	1
777	1
778	0
779	0
780	0
781	0
782	1
783	1
784	1
785	1
786	1
787	0
788	0
789	0
790	0
791	1
792	1
793	1
794	1
795	1
796	1
797	0
798	0
799	0
800	0
801	0
802	0
803	1
804	1
805	1
806	1
807	1
808	1
809	1
810	0
811	0
812	0
813	0
814	0
815	0
816	0
817	0
818	0
819	1
820	1
821	1
822	1
823	1
824	1
825	1
826	1
827	1
828	1
829	1
830	1
831	1
832	1
833	1
834	1
835	1
836	1
837	1
838	1
839	1
840	1
841	1
842	1
843	1
844	1
845	1
846	1
847	1
848	1
849	1
850	1
851	1
852	1
853	1
854	1
855	1
856	1
857	1
858	1
859	1
860	0
861	0
862	0
863	0
864	0
865	0
866	0
867	0
868	0
869	1
870	1
871	1
872	1
873	1
874	1
875	1
876	0
877	0
878	0
879	0
880	0
881	0
882	1
883	1
884	1
885	1
886	1
887	0
888	0
889	0
890	0
891	0
892	1
893	1
894	1
895	1
896	1
897	0
898	0
899	0
900	0
901	1
902	1
903	1
904	1
905	0
906	0
907	0
908	0
909	1
910	1
911	1
912	1
913	0
914	0
915	0
916	0
917	1
918	1
919	1
920	1
921	0
922	0
923	0
924	0
925	1
926	1
927	1
928	0
929	0
930	0
931	0
932	1
933	1
934	1
935	1
936	0
937	0
938	0
939	0
940	1
941	1
942	1
943	0
944	0
945	0
946	0
947	1
948	1
949	1
950	1
951	0
952	0
953	0
954	0
955	1
956	1
957	1
958	1
959	0
960	0
961	0
962	0
963	1
964	1
965	1
966	1
967	1
968	0
969	0
970	0
971	0
972	1
973	1
974	1
975	1
976	1
977	0
978	0
979	0
980	0
981	0
982	1
983	1
984	1
985	1
986	1
987	1
988	0
989	0
990	0
991	0
992	0
993	0
994	0
995	1
996	1
997	1
998	1
999	1
1000	1
1001	1
1002	1
1003	1
1004	0
1005	0
1006	0
1007	0
1008	0
1009	0
1010	0
1011	0
1012	0
1013	0
1014	0
1015	0
1016	0
1017	0
1018	0
1019	0
1020	0
1021	0
1022	0
1023	0
1024	0
1025	0
1026	0
1027	0
1028	0
1029	0
1030	0
1031	0
1032	0
1033	0
1034	0
1035	0
1036	0
1037	0
1038	0
1039	0
1040	0
1041	0
1042	0
1043	0
1044	0
1045	0
1046	0
1047	1
1048	1
1049	1
1050	1
1051	1
1052	1
1053	1
1054	1
1055	1
1056	0
1057	0
1058	0
1059	0
1060	0
1061	0
1062	0
1063	1
1064	1
1065	1
1066	1
1067	1
1068	1
1069	0
1070	0
1071	0
1072	0
1073	0
1074	1
1075	1
1076	1
1077	1
1078	1
1079	0
1080	0
1081	0
1082	0
1083	1
1084	1
1085	1
1086	1
1087	1
1088	0
1089	0
1090	0
1091	0
1092	1
1093	1
1094	1
1095	1
1096	0
1097	0
1098	0
1099	0
1100	1
1101	1
1102	1
1103	1
1104	0
1105	0
1106	0
1107	0
1108	1
1109	1
1110	1
1111	0
1112	0
1113	0
1114	0
1115	1
1116	1
1117	1
1118	1
1119	0
1120	0
1121	0
1122	0
1123	1
1124	1
1125	1
1126	0
1127	0
1128	0
1129	0
1130	1
1131	1
1132	1
1133	1
1134	0
1135	0
1136	0
1137	0
1138	1
1139	1
1140	1
1141	1
1142	0
1143	0
1144	0
1145	0
1146	1
1147	1
1148	1
1149	1
1150	0
1151	0
1152	0
1153	0
1154	1
1155	1
1156	1
1157	1
1158	1
1159	0
1160	0
1161	0
1162	0
1163	0
1164	1
1165	1
1166	1
1167	1
1168	1
1169	0
1170	0
1171	0
1172	0
1173	0
1174	0
1175	1
1176	1
1177	1
1178	1
1179	1
1180	1
1181	1
1182	0
1183	0
1184	0
1185	0
1186	0
1187	0
1188	0
1189	0
1190	0
1191	1
1192	1
1193	1
1194	1
1195	1
1196	1
1197	1
1198	1
1199	1
1200	1
1201	1
1202	1
1203	1
1204	1
1205	1
1206	1
1207	1
1208	1
1209	1
1210	1
1211	1
1212	1
1213	1
1214	1
1215	1
1216	1
1217	1
1218	1
1219	1
1220	1
1221	1
1222	1
1223	1
1224	1
1225	1
1226	1
1227	1
1228	1
1229	1
1230	1
1231	1
1232	0
1233	0
1234	0
1235	0
1236	0
1237	0
1238	0
1239	0
1240	0
1241	1
1242	1
1243	1
1244	1
1245	1
1246	1
1247	1
1248	0
1249	0
1250	0
1251	0
1252	0
1253	0
1254	1
1255	1
1256	1
1257	1
1258	1
1259	1
1260	0
1261	0
1262	0
1263	0
1264	1
1265	1
1266	1
1267	1
1268	1
1269	0
1270	0
1271	0
1272	0
1273	1
1274	1
1275	1
1276	1
1277	1
1278	0
1279	0
1280	0
1281	0
1282	1
1283	1
1284	1
1285	1
1286	0
1287	0
1288	0
1289	0
1290	1
1291	1
1292	1
1293	0
1294	0
1295	0
1296	0
1297	1
1298	1
1299	1
1300	1
1301	0
1302	0
1303	0
1304	0
1305	1
1306	1
1307	1
1308	0
1309	0
1310	0
1311	0
1312	1
1313	1
1314	1
1315	1
1316	0
1317	0
1318	0
1319	0
1320	1
1321	1
1322	1
1323	0
1324	0
1325	0
1326	0
1327	1
1328	1
1329	1
1330	1
1331	0
1332	0
1333	0
1334	0
1335	0
1336	1
1337	1
1338	1
1339	1
1340	0
1341	0
1342	0
1343	0
1344	1
1345	1
1346	1
1347	1
1348	1
1349	0
1350	0
1351	0
1352	0
1353	0
1354	0
1355	1
1356	1
1357	1
1358	1
1359	1
1360	1
1361	0
1362	0
1363	0
1364	0
1365	0
1366	0
1367	1
1368	1
1369	1
1370	1
1371	1
1372	1
1373	1
1374	1
1375	1
1376	0
1377	0
1378	0
1379	0
1380	0
1381	0
1382	0
1383	0
1384	0
1385	0
1386	0
1387	0
1388	0
1389	0
1390	0
1391	0
1392	0
1393	0
1394	0
1395	0
1396	0
1397	0
1398	0
1399	0
1400	0
1401	0
1402	0
1403	0
1404	0
1405	0
1406	0
1407	0
1408	0
1409	0
1410	0
1411	0
1412	0
1413	0
1414	0
1415	0
1416	0
1417	0
1418	0
1419	0
1420	1
1421	1
1422	1
1423	1
1424	1
1425	1
1426	1
1427	1
1428	0
1429	0
1430	0
1431	0
1432	0
1433	0
1434	0
1435	1
1436	1
1437	1
1438	1
1439	1
1440	1
1441	0
1442	0
1443	0
1444	0
1445	0
1446	1
1447	1
1448	1
1449	1
1450	1
1451	0
1452	0
1453	0
1454	0
1455	0
1456	1
1457	1
1458	1
1459	1
1460	0
1461	0
1462	0
1463	0
1464	1
1465	1
1466	1
1467	1
1468	0
1469	0
1470	0
1471	0
1472	1
1473	1
1474	1
1475	1
1476	0
1477	0
1478	0
1479	0
1480	1
1481	1
1482	1
1483	1
1484	0
1485	0
1486	0
1487	1
1488	1
1489	1
1490	1
1491	0
1492	0
1493	0
1494	0
1495	1
1496	1
1497	1
1498	1
1499	0
1500	0
1501	0
1502	1
1503	1
1504	1
1505	1
1506	0
1507	0
1508	0
1509	0
1510	1
1511	1
1512	1
1513	1
1514	0
1515	0
1516	0
1517	0
1518	1
1519	1
1520	1
1521	1
1522	0
1523	0
1524	0
1525	0
1526	0
1527	1
1528	1
1529	1
1530	1
1531	0
1532	0
1533	0
1534	0
1535	0
1536	1
1537	1
1538	1
1539	1
1540	1
1541	1
1542	0
1543	0
1544	0
1545	0
1546	0
1547	0
1548	1
1549	1
1550	1
1551	1
1552	1
1553	1
1554	1
1555	0
1556	0
1557	0
1558	0
1559	0
1560	0
1561	0
1562	0
1563	0
1564	1
1565	1
1566	1
1567	1
1568	1
1569	1
1570	1
1571	1
1572	1
1573	1
1574	1
1575	1
1576	1
1577	1
1578	1
1579	1
1580	1
1581	1
1582	1
1583	1
1584	1
1585	1
1586	1
1587	1
1588	1
1589	1
1590	1
1591	1
1592	1
1593	1
1594	1
1595	1
1596	1
1597	1
1598	1
1599	1
1600	1
1601	1
1602	1
1603	1
1604	0
1605	0
1606	0
1607	0
1608	0
1609	0
1610	0
1611	0
1612	0
1613	0
1614	1
1615	1
1616	1
1617	1
1618	1
1619	1
1620	1
1621	0
1622	0
1623	0
1624	0
1625	0
1626	0
1627	1
1628	1
1629	1
1630	1
1631	1
1632	0
1633	0
1634	0
1635	0
1636	0
1637	1
1638	1
1639	1
1640	1
1641	0
1642	0
1643	0
1644	0
1645	0
1646	1
1647	1
1648	1
1649	1
1650	0
1651	0
1652	0
1653	0
1654	1
1655	1
1656	1
1657	1
1658	0
1659	0
1660	0
1661	0
1662	1
1663	1
1664	1
1665	1
1666	0
1667	0
1668	0
1669	1
1670	1
1671	1
1672	1
1673	0
1674	0
1675	0
1676	0
1677	1
1678	1
1679	1
1680	1
1681	0
1682	0
1683	0
1684	1
1685	1
1686	1
1687	1
1688	0
1689	0
1690	0
1691	0
1692	1
1693	1
1694	1
1695	1
1696	0
1697	0
1698	0
1699	0
1700	1
1701	1
1702	1
1703	1
1704	0
1705	0
1706	0
1707	0
1708	1
1709	1
1710	1
1711	1
1712	0
1713	0
1714	0
1715	0
1716	0
1717	1
1718	1
1719	1
1720	1
1721	1
1722	0
1723	0
1724	0
1725	0
1726	0
1727	1
1728	1
1729	1
1730	1
1731	1
1732	1
1733	0
1734	0
1735	0
1736	0
1737	0
1738	0
1739	0
1740	1
1741	1
1742	1
1743	1
1744	1
1745	1
1746	1
1747	1
1748	1
1749	0
1750	0
1751	0
1752	0
1753	0
1754	0
1755	0
1756	0
1757	0
1758	0
1759	0
1760	0
1761	0
1762	0
1763	0
1764	0
1765	0
1766	0
1767	0
1768	0
1769	0
1770	0
1771	0
1772	0
1773	0
1774	0
1775	0
1776	0
1777	0
1778	0
1779	0
1780	0
1781	0
1782	0
1783	0
1784	0
1785	0
1786	0
1787	0
1788	0
1789	0
1790	0
1791	0
1792	1
1793	1
1794	1
1795	1
1796	1
1797	1
1798	1
1799	1
1800	1
1801	0
1802	0
1803	0
1804	0
1805	0
1806	0
1807	0
1808	1
1809	1
1810	1
1811	1
1812	1
1813	0
1814	0
1815	0
1816	0
1817	0
1818	0
1819	1
1820	1
1821	1
1822	1
1823	1
1824	0
1825	0
1826	0
1827	0
1828	1
1829	1
1830	1
1831	1
1832	1
1833	0
1834	0
1835	0
1836	0
1837	1
1838	1
1839	1
1840	1
1841	0
1842	0
1843	0
1844	0
1845	1
1846	1
1847	1
1848	1
1849	0
1850	0
1851	0
1852	1
1853	1
1854	1
1855	1
1856	0
1857	0
1858	0
1859	0
1860	1
1861	1
1862	1
1863	1
1864	0
1865	0
1866	0
1867	1
1868	1
1869	1
1870	1
1871	0
1872	0
1873	0
1874	0
1875	1
1876	1
1877	1
1878	1
1879	0
1880	0
1881	0
1882	1
1883	1
1884	1
1885	1
1886	0
1887	0
1888	0
1889	0
1890	1
1891	1
1892	1
1893	1
1894	1
1895	0
1896	0
1897	0
1898	0
1899	1
1900	1
1901	1
1902	1
1903	1
1904	0
1905	0
1906	0
1907	0
1908	0
1909	1
1910	1
1911	1
1912	1
1913	1
1914	0
1915	0
1916	0
1917	0
1918	0
1919	0
1920	1
1921	1
1922	1
1923	1
1924	1
1925	1
1926	1
1927	0
1928	0
1929	0
1930	0
1931	0
1932	0
1933	0
1934	0
1935	0
1936	1
1937	1
1938	1
1939	1
1940	1
1941	1
1942	1
1943	1
1944	1
1945	1
1946	1
1947	1
1948	1
1949	1
1950	1
1951	1
1952	1
1953	1
1954	1
1955	1
1956	1
1957	1
1958	1
1959	1
1960	1
1961	1
1962	1
1963	1
1964	1
1965	1
1966	1
1967	1
1968	1
1969	1
1970	1
1971	1
1972	1
1973	1
1974	1
1975	1
1976	1
1977	0
1978	0
1979	0
1980	0
1981	0
1982	0
1983	0
1984	0
1985	0
1986	1
1987	1
1988	1
1989	1
1990	1
1991	1
1992	1
1993	0
1994	0
1995	0
1996	0
1997	0
1998	0
1999	1
2000	1
2001	1
2002	1
2003	1
2004	0
2005	0
2006	0
2007	0
2008	0
2009	1
2010	1
2011	1
2012	1
2013	1
2014	0
2015	0
2016	0
2017	0
2018	1
2019	1
2020	1
2021	1
2022	0
2023	0
2024	0
2025	0
2026	1
2027	1
2028	1
2029	1
2030	0
2031	0
2032	0
2033	0
2034	1
2035	1
2036	1
2037	1
2038	0
2039	0
2040	0
2041	0
2042	1
2043	1
2044	1
2045	1
2046	0
2047	0
2048	0
2049	1
2050	1
2051	1
2052	1
2053	0
2054	0
2055	0
2056	0
2057	1
2058	1
2059	1
2060	0
2061	0
2062	0
2063	0
2064	1
2065	1
2066	1
2067	1
2068	0
2069	0
2070	0
2071	0
2072	1
2073	1
2074	1
2075	1
2076	0
2077	0
2078	0
2079	0
2080	1
2081	1
2082	1
2083	1
2084	1
2085	0
2086	0
2087	0
2088	0
2089	1
2090	1
2091	1
2092	1
2093	1
2094	0
2095	0
2096	0
2097	0
2098	0
2099	1
2100	1
2101	1
2102	1
2103	1
2104	1
2105	0
2106	0
2107	0
2108	0
2109	0
2110	0
2111	0
2112	1
2113	1
2114	1
2115	1
2116	1
2117	1
2118	1
2119	1
2120	1
2121	0
2122	0
2123	0
2124	0
2125	0
2126	0
2127	0
2128	0
2129	0
2130	0
2131	0
2132	0
2133	0
2134	0
2135	0
2136	0
2137	0
2138	0
2139	0
2140	0
2141	0
2142	0
2143	0
2144	0
2145	0
2146	0
2147	0
2148	0
2149	0
2150	0
2151	0
2152	0
2153	0
2154	0
2155	0
2156	0
2157	0
2158	0
2159	0
2160	0
2161	0
2162	0
2163	0
2164	1
2165	1
2166	1
2167	1
2168	1
2169	1
2170	1
2171	1
2172	1
2173	0
2174	0
2175	0
2176	0
2177	0
2178	0
2179	0
2180	1
2181	1
2182	1
2183	1
2184	1
2185	1
2186	0
2187	0
2188	0
2189	0
2190	0
2191	1
2192	1
2193	1
2194	1
2195	1
2196	0
2197	0
2198	0
2199	0
2200	0
2201	1
2202	1
2203	1
2204	1
2205	0
2206	0
2207	0
2208	0
2209	1
2210	1
2211	1
2212	1
2213	0
2214	0
2215	0
2216	0
2217	1
2218	1
2219	1
2220	1
2221	0
2222	0
2223	0
2224	0
2225	1
2226	1
2227	1
2228	0
2229	0
2230	0
2231	0
2232	1
2233	1
2234	1
2235	1
2236	0
2237	0
2238	0
2239	0
2240	1
2241	1
2242	1
2243	0
2244	0
2245	0
2246	0
2247	1
2248	1
2249	1
2250	1
2251	0
2252	0
2253	0
2254	0
2255	1
2256	1
2257	1
2258	1
2259	0
2260	0
2261	0
2262	0
2263	1
2264	1
2265	1
2266	1
2267	0
2268	0
2269	0
2270	0
2271	1
2272	1
2273	1
2274	1
2275	1
2276	0
2277	0
2278	0
2279	0
2280	0
2281	1
2282	1
2283	1
2284	1
2285	1
2286	0
2287	0
2288	0
2289	0
2290	0
2291	0
2292	1
2293	1
2294	1
2295	1
2296	1
2297	1
2298	1
2299	0
2300	0
2301	0
2302	0
2303	0
2304	0
2305	0
2306	0
2307	0
2308	1
2309	1
2310	1
2311	1
2312	1
2313	1
2314	1
2315	1
2316	1
2317	1
2318	1
2319	1
2320	1
2321	1
2322	1
2323	1
2324	1
2325	1
2326	1
2327	1
2328	1
2329	1
2330	1
2331	1
2332	1
2333	1
2334	1
2335	1
2336	1
2337	1
2338	1
2339	1
2340	1
2341	1
2342	1
2343	1
2344	1
2345	1
2346	1
2347	1
2348	1
2349	0
2350	0
2351	0
2352	0
2353	0
2354	0
2355	0
2356	0
2357	0
2358	1
2359	1
2360	1
2361	1
2362	1
2363	1
2364	1
2365	0
2366	0
2367	0
2368	0
2369	0
2370	0
2371	1
2372	1
2373	1
2374	1
2375	1
2376	1
2377	0
2378	0
2379	0
2380	0
2381	0
2382	1
2383	1
2384	1
2385	1
2386	0
2387	0
2388	0
2389	0
2390	0
2391	1
2392	1
2393	1
2394	1
2395	0
2396	0
2397	0
2398	0
2399	1
2400	1
2401	1
2402	1
2403	0
2404	0
2405	0
2406	0
2407	1
2408	1
2409	1
2410	0
2411	0
2412	0
2413	0
2414	1
2415	1
2416	1
2417	1
2418	0
2419	0
2420	0
2421	0
2422	1
2423	1
2424	1
2425	0
2426	0
2427	0
2428	0
2429	1
2430	1
2431	1
2432	1
2433	0
2434	0
2435	0
2436	0
2437	1
2438	1
2439	1
2440	0
2441	0
2442	0
2443	0
2444	1
2445	1
2446	1
2447	1
2448	0
2449	0
2450	0
2451	0
2452	0
2453	1
2454	1
2455	1
2456	1
2457	0
2458	0
2459	0
2460	0
2461	0
2462	1
2463	1
2464	1
2465	1
2466	0
2467	0
2468	0
2469	0
2470	0
2471	0
2472	1
2473	1
2474	1
2475	1
2476	1
2477	1
2478	0
2479	0
2480	0
2481	0
2482	0
2483	0
2484	0
2485	1
2486	1
2487	1
2488	1
2489	1
2490	1
2491	1
2492	1
2493	0
2494	0
2495	0
2496	0
2497	0
2498	0
2499	0
2500	0
2501	0
2502	0
2503	0
2504	0
2505	0
2506	0
2507	0
2508	0
2509	0
2510	0
2511	0
2512	0
2513	0
2514	0
2515	0
2516	0
2517	0
2518	0
2519	0
2520	0
2521	0
2522	0
2523	0
2524	0
2525	0
2526	0
2527	0
2528	0
2529	0
2530	0
2531	0
2532	0
2533	0
2534	0
2535	0
2536	0
2537	1
2538	1
2539	1
2540	1
2541	1
2542	1
2543	1
2544	1
2545	0
2546	0
2547	0
2548	0
2549	0
2550	0
2551	0
2552	1
2553	1
2554	1
2555	1
2556	1
2557	1
2558	0
2559	0
2560	0
2561	0
2562	0
2563	1
2564	1
2565	1
2566	1
2567	1
2568	0
2569	0
2570	0
2571	0
2572	0
2573	1
2574	1
2575	1
2576	1
2577	0
2578	0
2579	0
2580	0
2581	1
2582	1
2583	1
2584	1
2585	1
2586	0
2587	0
2588	0
2589	1
2590	1
2591	1
2592	1
2593	0
2594	0
2595	0
2596	0
2597	1
2598	1
2599	1
2600	1
2601	0
2602	0
2603	0
2604	0
2605	1
2606	1
2607	1
2608	0
2609	0
2610	0
2611	0
2612	1
2613	1
2614	1
2615	1
2616	0
2617	0
2618	0
2619	1
2620	1
2621	1
2622	1
2623	0
2624	0
2625	0
2626	0
2627	1
2628	1
2629	1
2630	1
2631	0
2632	0
2633	0
2634	0
2635	1
2636	1
2637	1
2638	1
2639	0
2640	0
2641	0
2642	0
2643	0
2644	1
2645	1
2646	1
2647	1
2648	0
2649	0
2650	0
2651	0
2652	0
2653	1
2654	1
2655	1
2656	1
2657	1
2658	1
2659	0
2660	0
2661	0
2662	0
2663	0
2664	0
2665	1
2666	1
2667	1
2668	1
2669	1
2670	1
2671	1
2672	0
2673	0
2674	0
2675	0
2676	0
2677	0
2678	0
2679	0
2680	0
2681	1
2682	1
2683	1
2684	1
2685	1
2686	1
2687	1
2688	1
2689	1
2690	1
2691	1
2692	1
2693	1
2694	1
2695	1
2696	1
2697	1
2698	1
2699	1
2700	1
2701	1
2702	1
2703	1
2704	1
2705	1
2706	1
2707	1
2708	1
2709	1
2710	1
2711	1
2712	1
2713	1
2714	1
2715	1
2716	1
2717	1
2718	1
2719	1
2720	1
2721	1
2722	0
2723	0
2724	0
2725	0
2726	0
2727	0
2728	0
2729	0
2730	0
2731	1
2732	1
2733	1
2734	1
2735	1
2736	1
2737	1
2738	0
2739	0
2740	0
2741	0
2742	0
2743	0
2744	1
2745	1
2746	1
2747	1
2748	1
2749	0
2750	0
2751	0
2752	0
2753	0
2754	1
2755	1
2756	1
2757	1
2758	1
2759	0
2760	0
2761	0
2762	0
2763	1
2764	1
2765	1
2766	1
2767	0
2768	0
2769	0
2770	0
2771	1
2772	1
2773	1
2774	1
2775	0
2776	0
2777	0
2778	0
2779	1
2780	1
2781	1
2782	1
2783	0
2784	0
2785	0
2786	0
2787	1
2788	1
2789	1
2790	0
2791	0
2792	0
2793	0
2794	1
2795	1
2796	1
2797	1
2798	0
2799	0
2800	0
2801	1
2802	1
2803	1
2804	1
2805	0
2806	0
2807	0
2808	0
2809	1
2810	1
2811	1
2812	1
2813	0
2814	0
2815	0
2816	0
2817	1
2818	1
2819	1
2820	1
2821	0
2822	0
2823	0
2824	0
2825	1
2826	1
2827	1
2828	1
2829	0
2830	0
2831	0
2832	0
2833	0
2834	1
2835	1
2836	1
2837	1
2838	1
2839	0
2840	0
2841	0
2842	0
2843	0
2844	1
2845	1
2846	1
2847	1
2848	1
2849	1
2850	0
2851	0
2852	0
2853	0
2854	0
2855	0
2856	0
2857	1
2858	1
2859	1
2860	1
2861	1
2862	1
2863	1
2864	1
2865	1
2866	0
2867	0
2868	0
2869	0
2870	0
2871	0
2872	0
2873	0
2874	0
2875	0
2876	0
2877	0
2878	0
2879	0
2880	0
2881	0
2882	0
2883	0
2884	0
2885	0
2886	0
2887	0
2888	0
2889	0
2890	0
2891	0
2892	0
2893	0
2894	0
2895	0
2896	0
2897	0
2898	0
2899	0
2900	0
2901	0
2902	0
2903	0
2904	0
2905	0
2906	0
2907	0
2908	0
2909	1
2910	1
2911	1
2912	1
2913	1
2914	1
2915	1
2916	1
2917	1
2918	0
2919	0
2920	0
2921	0
2922	0
2923	0
2924	0
2925	1
2926	1
2927	1
2928	1
2929	1
2930	0
2931	0
2932	0
2933	0
2934	0
2935	0
2936	1
2937	1
2938	1
2939	1
2940	1
2941	0
2942	0
2943	0
2944	0
2945	1
2946	1
2947	1
2948	1
2949	1
2950	0
2951	0
2952	0
2953	0
2954	1
2955	1
2956	1
2957	1
2958	0
2959	0
2960	0
2961	0
2962	1
2963	1
2964	1
2965	1
2966	0
2967	0
2968	0
2969	1
2970	1
2971	1
2972	1
2973	0
2974	0
2975	0
2976	0
2977	1
2978	1
2979	1
2980	1
2981	0
2982	0
2983	0
2984	1
2985	1
2986	1
2987	1
2988	0
2989	0
2990	0
2991	0
2992	1
2993	1
2994	1
2995	1
2996	0
2997	0
2998	0
2999	1
3000	1
3001	1
3002	1
3003	0
3004	0
3005	0
3006	0
3007	0
3008	1
3009	1
3010	1
3011	1
3012	0
3013	0
3014	0
3015	0
3016	1
3017	1
3018	1
3019	1
3020	1
3021	0
3022	0
3023	0
3024	0
3025	0
3026	1
3027	1
3028	1
3029	1
3030	1
3031	0
3032	0
3033	0
3034	0
3035	0
3036	0
3037	1
3038	1
3039	1
3040	1
3041	1
3042	1
3043	1
3044	0
3045	0
3046	0
3047	0
3048	0
3049	0
3050	0
3051	0
3052	0
3053	1
3054	1
3055	1
3056	1
3057	1
3058	1
3059	1
3060	1
3061	1
3062	1
3063	1
3064	1
3065	1
3066	1
3067	1
3068	1
3069	1
3070	1
3071	1
3072	1
3073	1
3074	1
3075	1
3076	1
3077	1
3078	1
3079	1
3080	1
3081	1
3082	1
3083	1
3084	1
3085	1
3086	1
3087	1
3088	1
3089	1
3090	1
3091	1
3092	1
3093	1
3094	0
3095	0
3096	0
3097	0
3098	0
3099	0
3100	0
3101	0
3102	0
3103	1
3104	1
3105	1
3106	1
3107	1
3108	1
3109	1
3110	0
3111	0
3112	0
3113	0
3114	0
3115	0
3116	1
3117	1
3118	1
3119	1
3120	1
3121	0
3122	0
3123	0
3124	0
3125	0
3126	1
3127	1
3128	1
3129	1
3130	1
3131	0
3132	0
3133	0
3134	0
3135	1
3136	1
3137	1
3138	1
3139	0
3140	0
3141	0
3142	0
3143	0
3144	1
3145	1
3146	1
3147	1
3148	0
3149	0
3150	0
3151	1
3152	1
3153	1
3154	1
3155	0
3156	0
3157	0
3158	0
3159	1
3160	1
3161	1
3162	1
3163	0
3164	0
3165	0
3166	1
3167	1
3168	1
3169	1
3170	0
3171	0
3172	0
3173	0
3174	1
3175	1
3176	1
3177	1
3178	0
3179	0
3180	0
3181	1
3182	1
3183	1
3184	1
3185	0
3186	0
3187	0
3188	0
3189	1
3190	1
3191	1
3192	1
3193	0
3194	0
3195	0
3196	0
3197	1
3198	1
3199	1
3200	1
3201	1
3202	0
3203	0
3204	0
3205	0
3206	1
3207	1
3208	1
3209	1
3210	1
3211	0
3212	0
3213	0
3214	0
3215	0
3216	0
3217	1
3218	1
3219	1
3220	1
3221	1
3222	0
3223	0
3224	0
3225	0
3226	0
3227	0
3228	0
3229	1
3230	1
3231	1
3232	1
3233	1
3234	1
3235	1
3236	1
3237	1
3238	0
3239	0
3240	0
3241	0
3242	0
3243	0
3244	0
3245	0
3246	0
3247	0
3248	0
3249	0
3250	0
3251	0
3252	0
3253	0
3254	0
3255	0
3256	0
3257	0
3258	0
3259	0
3260	0
3261	0
3262	0
3263	0
3264	0
3265	0
3266	0
3267	0
3268	0
3269	0
3270	0
3271	0
3272	0
3273	0
3274	0
3275	0
3276	0
3277	0
3278	0
3279	0
3280	0
3281	1
3282	1
3283	1
3284	1
3285	1
3286	1
3287	1
3288	1
3289	1
3290	0
3291	0
3292	0
3293	0
3294	0
3295	0
3296	0
3297	1
3298	1
3299	1
3300	1
3301	1
3302	1
3303	0
3304	0
3305	0
3306	0
3307	0
3308	1
3309	1
3310	1
3311	1
3312	1
3313	0
3314	0
3315	0
3316	0
3317	0
3318	1
3319	1
3320	1
3321	1
3322	0
3323	0
3324	0
3325	0
3326	1
3327	1
3328	1
3329	1
3330	0
3331	0
3332	0
3333	0
3334	1
3335	1
3336	1
3337	1
3338	0
3339	0
3340	0
3341	0
3342	1
3343	1
3344	1
3345	1
3346	0
3347	0
3348	0
3349	1
3350	1
3351	1
3352	1
3353	0
3354	0
3355	0
3356	0
3357	1
3358	1
3359	1
3360	0
3361	0
3362	0
3363	0
3364	1
3365	1
3366	1
3367	1
3368	0
3369	0
3370	0
3371	0
3372	1
3373	1
3374	1
3375	1
3376	0
3377	0
3378	0
3379	0
3380	1
3381	1
3382	1
3383	1
3384	0
3385	0
3386	0
3387	0
3388	1
3389	1
3390	1
3391	1
3392	1
3393	0
3394	0
3395	0
3396	0
3397	0
3398	1
3399	1
3400	1
3401	1
3402	1
3403	0
3404	0
3405	0
3406	0
3407	0
3408	0
3409	1
3410	1
3411	1
3412	1
3413	1
3414	1
3415	1
3416	0
3417	0
3418	0
3419	0
3420	0
3421	0
3422	0
3423	0
3424	0
3425	1
3426	1
3427	1
3428	1
3429	1
3430	1
3431	1
3432	1
3433	1
3434	1
3435	1
3436	1
3437	1
3438	1
3439	1
3440	1
3441	1
3442	1
3443	1
3444	1
3445	1
3446	1
3447	1
3448	1
3449	1
3450	1
3451	1
3452	1
3453	1
3454	1
3455	1
3456	1
3457	1
3458	1
3459	1
3460	1
3461	1
3462	1
3463	1
3464	1
3465	1
3466	0
3467	0
3468	0
3469	0
3470	0
3471	0
3472	0
3473	0
3474	0
3475	1
3476	1
3477	1
3478	1
3479	1
3480	1
3481	1
3482	0
3483	0
3484	0
3485	0
3486	0
3487	0
3488	1
3489	1
3490	1
3491	1
3492	1
3493	1
3494	0
3495	0
3496	0
3497	0
3498	0
3499	1
3500	1
3501	1
3502	1
3503	0
3504	0
3505	0
3506	0
3507	0
3508	1
3509	1
3510	1
3511	1
3512	0
3513	0
3514	0
3515	0
3516	1
3517	1
3518	1
3519	1
3520	0
3521	0
3522	0
3523	0
3524	1
3525	1
3526	1
3527	1
3528	0
3529	0
3530	0
3531	1
3532	1
3533	1
3534	1
3535	0
3536	0
3537	0
3538	0
3539	1
3540	1
3541	1
3542	0
3543	0
3544	0
3545	0
3546	1
3547	1
3548	1
3549	1
3550	0
3551	0
3552	0
3553	0
3554	1
3555	1
3556	1
3557	1
3558	0
3559	0
3560	0
3561	1
3562	1
3563	1
3564	1
3565	1
3566	0
3567	0
3568	0
3569	0
3570	1
3571	1
3572	1
3573	1
3574	0
3575	0
3576	0
3577	0
3578	0
3579	1
3580	1
3581	1
3582	1
3583	1
3584	0
3585	0
3586	0
3587	0
3588	0
3589	1
3590	1
3591	1
3592	1
3593	1
3594	1
3595	0
3596	0
3597	0
3598	0
3599	0
3600	0
3601	0
3602	1
3603	1
3604	1
3605	1
3606	1
3607	1
3608	1
3609	1
3610	0
3611	0
3612	0
3613	0
3614	0
3615	0
3616	0
3617	0
3618	0
3619	0
3620	0
3621	0
3622	0
3623	0
3624	0
3625	0
3626	0
3627	0
3628	0
3629	0
3630	0
3631	0
3632	0
3633	0
3634	0
3635	0
3636	0
3637	0
3638	0
3639	0
3640	0
3641	0
3642	0
3643	0
3644	0
3645	0
3646	0
3647	0
3648	0
3649	0
3650	0
3651	0
3652	0
3653	0
3654	1
3655	1
3656	1
3657	1
3658	1
3659	1
3660	1
3661	1
3662	0
3663	0
3664	0
3665	0
3666	0
3667	0
3668	0
3669	1
3670	1
3671	1
3672	1
3673	1
3674	1
3675	0
3676	0
3677	0
3678	0
3679	0
3680	0
3681	1
3682	1
3683	1
3684	1
3685	0
3686	0
3687	0
3688	0
3689	0
3690	1
3691	1
3692	1
3693	1
3694	0
3695	0
3696	0
3697	0
3698	0
3699	1
3700	1
3701	1
3702	1
3703	0
3704	0
3705	0
3706	0
3707	1
3708	1
3709	1
3710	0
3711	0
3712	0
3713	0
3714	1
3715	1
3716	1
3717	1
3718	0
3719	0
3720	0
3721	0
3722	1
3723	1
3724	1
3725	0
3726	0
3727	0
3728	0
3729	1
3730	1
3731	1
3732	1
3733	0
3734	0
3735	0
3736	0
3737	1
3738	1
3739	1
3740	0
3741	0
3742	0
3743	0
3744	1
3745	1
3746	1
3747	1
3748	0
3749	0
3750	0
3751	0
3752	1
3753	1
3754	1
3755	1
3756	0
3757	0
3758	0
3759	0
3760	0
3761	1
3762	1
3763	1
3764	1
3765	0
3766	0
3767	0
3768	0
3769	0
3770	1
3771	1
3772	1
3773	1
3774	1
3775	1
3776	0
3777	0
3778	0
3779	0
3780	0
3781	0
3782	1
3783	1
3784	1
3785	1
3786	1
3787	1
3788	1
3789	0
3790	0
3791	0
3792	0
3793	0
3794	0
3795	0
3796	0
3797	0
3798	1
3799	1
3800	1
3801	1
3802	1
3803	1
3804	1
3805	1
3806	1
3807	1
3808	1
3809	1
3810	1
3811	1
3812	1
3813	1
3814	1
3815	1
3816	1
3817	1
3818	1
3819	1
3820	1
3821	1
3822	1
3823	1
3824	1
3825	1
3826	1
3827	1
3828	1
3829	1
3830	1
3831	1
3832	1
3833	1
3834	1
3835	1
3836	1
3837	1
3838	1
3839	0
3840	0
3841	0
3842	0
3843	0
3844	0
3845	0
3846	0
3847	0
3848	1
3849	1
3850	1
3851	1
3852	1
3853	1
3854	1
3855	0
3856	0
3857	0
3858	0
3859	0
3860	0
3861	1
3862	1
3863	1
3864	1
3865	1
3866	0
3867	0
3868	0
3869	0
3870	0
3871	1
3872	1
3873	1
3874	1
3875	1
3876	0
3877	0
3878	0
3879	0
3880	1
3881	1
3882	1
3883	1
3884	0
3885	0
3886	0
3887	0
3888	1
3889	1
3890	1
3891	1
3892	0
3893	0
3894	0
3895	0
3896	1
3897	1
3898	1
3899	1
3900	0
3901	0
3902	0
3903	0
3904	1
3905	1
3906	1
3907	0
3908	0
3909	0
3910	0
3911	1
3912	1
3913	1
3914	1
3915	0
3916	0
3917	0
3918	0
3919	1
3920	1
3921	1
3922	0
3923	0
3924	0
3925	0
3926	1
3927	1
3928	1
3929	1
3930	0
3931	0
3932	0
3933	0
3934	1
3935	1
3936	1
3937	1
3938	0
3939	0
3940	0
3941	0
3942	1
3943	1
3944	1
3945	1
3946	0
3947	0
3948	0
3949	0
3950	0
3951	1
3952	1
3953	1
3954	1
3955	1
3956	0
3957	0
3958	0
3959	0
3960	0
3961	1
3962	1
3963	1
3964	1
3965	1
3966	1
3967	0
3968	0
3969	0
3970	0
3971	0
3972	0
3973	0
3974	1
3975	1
3976	1
3977	1
3978	1
3979	1
3980	1
3981	1
3982	1
3983	0
3984	0
3985	0
3986	0
3987	0
3988	0
3989	0
3990	0
3991	0
3992	0
3993	0
3994	0
3995	0
3996	0
3997	0
3998	0
3999	0
4000	0
4001	0
4002	0
4003	0
4004	0
4005	0
4006	0
4007	0
4008	0
4009	0
4010	0
4011	0
4012	0
4013	0
4014	0
4015	0
4016	0
4017	0
4018	0
4019	0
4020	0
4021	0
4022	0
4023	0
4024	0
4025	0
4026	1
4027	1
4028	1
4029	1
4030	1
4031	1
4032	1
4033	1
4034	1
4035	0
4036	0
4037	0
4038	0
4039	0
4040	0
4041	0
4042	1
4043	1
4044	1
4045	1
4046	1
4047	1
4048	0
4049	0
4050	0
4051	0
4052	0
4053	1
4054	1
4055	1
4056	1
4057	1
4058	0
4059	0
4060	0
4061	0
4062	1
4063	1
4064	1
4065	1
4066	1
4067	0
4068	0
4069	0
4070	0
4071	1
4072	1
4073	1
4074	1
4075	0
4076	0
4077	0
4078	0
4079	1
4080	1
4081	1
4082	1
4083	0
4084	0
4085	0
4086	0
4087	1
4088	1
4089	1
4090	0
4091	0
4092	0
4093	0
4094	1
4095	1
4096	1