1	1
2	0
3	0
4	1
5	0
6	0
7	1
8	1
9	0
10	0
11	1
12	1
13	0
14	0
15	1
16	1
17	0
18	0
19	1
20	1
21	0
22	0
23	1
24	1
25	0
26	0
27	1
28	1
29	0
30	0
31	1
32	1
33	0
34	0
35	1
36	1
37	0
38	0
39	1
40	1
41	1
42	0
43	0
44	1
45	1
46	1
47	0
48	0
49	1
50	1
51	1
52	0
53	0
54	0
55	1
56	1
57	1
58	0
59	0
60	0
61	1
62	1
63	1
64	1
65	0
66	0
67	0
68	0
69	1
70	1
71	1
72	1
73	1
74	0
75	0
76	0
77	0
78	0
79	0
80	0
81	1
82	1
83	1
84	1
85	1
86	1
87	1
88	1
89	1
90	1
91	1
92	1
93	1
94	1
95	1
96	1
97	1
98	1
99	1
100	1
101	1
102	1
103	1
104	1
105	1
106	1
107	1
108	0
109	0
110	0
111	0
112	0
113	0
114	0
115	1
116	1
117	1
118	1
119	1
120	0
121	0
122	0
123	0
124	1
125	1
126	1
127	1
128	0
129	0
130	0
131	1
132	1
133	1
134	0
135	0
136	0
137	1
138	1
139	1
140	0
141	0
142	1
143	1
144	1
145	0
146	0
147	1
148	1
149	1
150	0
151	0
152	1
153	1
154	0
155	0
156	1
157	1
158	1
159	0
160	0
161	1
162	1
163	0
164	0
165	1
166	1
167	0
168	0
169	1
170	1
171	0
172	1
173	1
174	0
175	0
176	1
177	1
178	0
179	0
180	1
181	1
182	0
183	0
184	1
185	1
186	0
187	1
188	1
189	0
190	0
191	1
192	1
193	0
194	0
195	1
196	1
197	0
198	0
199	1
200	1
201	0
202	1
203	1
204	0
205	0
206	1
207	1
208	0
209	0
210	1
211	1
212	0
213	0
214	1
215	1
216	0
217	0
218	1
219	1
220	1
221	0
222	0
223	1
224	1
225	0
226	0
227	1
228	1
229	1
230	0
231	0
232	1
233	1
234	1
235	0
236	0
237	0
238	1
239	1
240	0
241	0
242	0
243	1
244	1
245	1
246	1
247	0
248	0
249	0
250	1
251	1
252	1
253	1
254	0
255	0
256	0
257	0
258	0
259	1
260	1
261	1
262	1
263	1
264	1
265	0
266	0
267	0
268	0
269	0
270	0
271	0
272	0
273	0
274	0
275	0
276	0
277	0
278	0
279	0
280	0
281	0
282	0
283	0
284	0
285	0
286	0
287	0
288	0
289	0
290	0
291	0
292	0
293	0
294	0
295	0
296	0
297	1
298	1
299	1
300	1
301	1
302	0
303	0
304	0
305	0
306	0
307	1
308	1
309	1
310	1
311	0
312	0
313	0
314	0
315	1
316	1
317	1
318	0
319	0
320	0
321	1
322	1
323	1
324	0
325	0
326	0
327	1
328	1
329	0
330	0
331	0
332	1
333	1
334	0
335	0
336	1
337	1
338	1
339	0
340	0
341	1
342	1
343	0
344	0
345	1
346	1
347	0
348	0
349	1
350	1
351	0
352	0
353	1
354	1
355	0
356	0
357	1
358	1
359	0
360	0
361	1
362	1
363	0
364	0
365	1
366	1
367	0
368	0
369	1
370	0
371	0
372	1
373	1
374	0
375	0
376	1
377	1
378	0
379	0
380	1
381	1
382	0
383	1
384	1
385	0
386	0
387	1
388	1
389	0
390	0
391	1
392	1
393	0
394	0
395	1
396	1
397	0
398	0
399	1
400	1
401	0
402	0
403	1
404	1
405	0
406	0
407	1
408	1
409	1
410	0
411	0
412	1
413	1
414	0
415	0
416	0
417	1
418	1
419	0
420	0
421	0
422	1
423	1
424	0
425	0
426	0
427	1
428	1
429	1
430	0
431	0
432	0
433	0
434	1
435	1
436	1
437	0
438	0
439	0
440	0
441	0
442	1
443	1
444	1
445	1
446	1
447	0
448	0
449	0
450	0
451	0
452	0
453	1
454	1
455	1
456	1
457	1
458	1
459	1
460	1
461	1
462	1
463	1
464	1
465	1
466	1
467	1
468	1
469	1
470	1
471	1
472	1
473	1
474	1
475	1
476	1
477	1
478	1
479	1
480	1
481	0
482	0
483	0
484	0
485	0
486	0
487	1
488	1
489	1
490	1
491	1
492	0
493	0
494	0
495	0
496	1
497	1
498	1
499	1
500	0
501	0
502	0
503	1
504	1
505	1
506	1
507	0
508	0
509	1
510	1
511	1
512	0
513	0
514	0
515	1
516	1
517	0
518	0
519	0
520	1
521	1
522	0
523	0
524	1
525	1
526	1
527	0
528	0
529	1
530	1
531	0
532	0
533	1
534	1
535	0
536	0
537	1
538	1
539	0
540	0
541	1
542	1
543	0
544	0
545	1
546	1
547	0
548	0
549	1
550	1
551	0
552	1
553	1
554	0
555	0
556	1
557	1
558	0
559	0
560	1
561	1
562	0
563	0
564	1
565	0
566	0
567	1
568	1
569	0
570	0
571	1
572	1
573	0
574	0
575	1
576	1
577	0
578	0
579	1
580	1
581	0
582	0
583	1
584	1
585	0
586	0
587	1
588	1
589	0
590	0
591	1
592	1
593	0
594	0
595	1
596	1
597	0
598	0
599	0
600	1
601	1
602	0
603	0
604	0
605	1
606	1
607	0
608	0
609	0
610	1
611	1
612	1
613	0
614	0
615	0
616	1
617	1
618	1
619	0
620	0
621	0
622	0
623	1
624	1
625	1
626	1
627	0
628	0
629	0
630	0
631	1
632	1
633	1
634	1
635	1
636	1
637	0
638	0
639	0
640	0
641	0
642	0
643	0
644	0
645	0
646	0
647	0
648	0
649	0
650	0
651	0
652	0
653	0
654	0
655	0
656	0
657	0
658	0
659	0
660	0
661	0
662	0
663	0
664	0
665	0
666	0
667	0
668	0
669	1
670	1
671	1
672	1
673	1
674	1
675	0
676	0
677	0
678	0
679	0
680	1
681	1
682	1
683	1
684	0
685	0
686	0
687	1
688	1
689	1
690	0
691	0
692	0
693	1
694	1
695	1
696	0
697	0
698	0
699	1
700	1
701	1
702	0
703	0
704	1
705	1
706	1
707	0
708	0
709	1
710	1
711	0
712	0
713	1
714	1
715	0
716	0
717	0
718	1
719	1
720	0
721	0
722	1
723	1
724	0
725	0
726	1
727	1
728	0
729	0
730	1
731	0
732	0
733	1
734	1
735	0
736	0
737	1
738	1
739	0
740	0
741	1
742	1
743	0
744	0
745	1
746	0
747	0
748	1
749	1
750	0
751	0
752	1
753	1
754	0
755	0
756	1
757	1
758	0
759	0
760	1
761	0
762	0
763	1
764	1
765	0
766	0
767	1
768	1
769	0
770	0
771	1
772	1
773	0
774	0
775	1
776	1
777	1
778	0
779	0
780	1
781	1
782	0
783	0
784	1
785	1
786	1
787	0
788	0
789	1
790	1
791	0
792	0
793	0
794	1
795	1
796	1
797	0
798	0
799	0
800	1
801	1
802	1
803	0
804	0
805	0
806	1
807	1
808	1
809	1
810	0
811	0
812	0
813	0
814	1
815	1
816	1
817	1
818	1
819	0
820	0
821	0
822	0
823	0
824	0
825	1
826	1
827	1
828	1
829	1
830	1
831	1
832	1
833	1
834	1
835	1
836	1
837	1
838	1
839	1
840	1
841	1
842	1
843	1
844	1
845	1
846	1
847	1
848	1
849	1
850	1
851	1
852	1
853	0
854	0
855	0
856	0
857	0
858	0
859	0
860	1
861	1
862	1
863	1
864	1
865	0
866	0
867	0
868	0
869	1
870	1
871	1
872	0
873	0
874	0
875	0
876	1
877	1
878	1
879	0
880	0
881	0
882	1
883	1
884	1
885	0
886	0
887	1
888	1
889	1
890	0
891	0
892	1
893	1
894	0
895	0
896	0
897	1
898	1
899	0
900	0
901	1
902	1
903	0
904	0
905	1
906	1
907	0
908	0
909	1
910	1
911	0
912	0
913	1
914	1
915	0
916	0
917	1
918	1
919	0
920	0
921	1
922	1
923	0
924	0
925	1
926	1
927	0
928	1
929	1
930	0
931	0
932	1
933	1
934	0
935	0
936	1
937	1
938	0
939	0
940	1
941	0
942	0
943	1
944	1
945	0
946	0
947	1
948	1
949	0
950	0
951	1
952	1
953	0
954	0
955	1
956	1
957	0
958	0
959	1
960	1
961	0
962	0
963	1
964	1
965	0
966	0
967	0
968	1
969	1
970	0
971	0
972	1
973	1
974	1
975	0
976	0
977	1
978	1
979	1
980	0
981	0
982	1
983	1
984	1
985	0
986	0
987	0
988	1
989	1
990	1
991	0
992	0
993	0
994	0
995	1
996	1
997	1
998	1
999	0
1000	0
1001	0
1002	0
1003	0
1004	1
1005	1
1006	1
1007	1
1008	1
1009	1
1010	0
1011	0
1012	0
1013	0
1014	0
1015	0
1016	0
1017	0
1018	0
1019	0
1020	0
1021	0
1022	0
1023	0
1024	0
1025	0
1026	0
1027	0
1028	0
1029	0
1030	0
1031	0
1032	0
1033	0
1034	0
1035	0
1036	0
1037	0
1038	0
1039	0
1040	0
1041	1
1042	1
1043	1
1044	1
1045	1
1046	1
1047	0
1048	0
1049	0
1050	0
1051	0
1052	1
1053	1
1054	1
1055	1
1056	0
1057	0
1058	0
1059	0
1060	1
1061	1
1062	1
1063	0
1064	0
1065	0
1066	1
1067	1
1068	1
1069	0
1070	0
1071	1
1072	1
1073	1
1074	0
1075	0
1076	1
1077	1
1078	1
1079	0
1080	0
1081	1
1082	1
1083	0
1084	0
1085	0
1086	1
1087	1
1088	0
1089	0
1090	1
1091	1
1092	0
1093	0
1094	1
1095	1
1096	0
1097	0
1098	1
1099	1
1100	0
1101	0
1102	1
1103	1
1104	0
1105	0
1106	1
1107	1
1108	0
1109	0
1110	1
1111	0
1112	0
1113	1
1114	1
1115	0
1116	0
1117	1
1118	1
1119	0
1120	0
1121	1
1122	1
1123	0
1124	1
1125	1
1126	0
1127	0
1128	1
1129	1
1130	0
1131	0
1132	1
1133	1
1134	0
1135	0
1136	1
1137	1
1138	0
1139	0
1140	1
1141	1
1142	0
1143	0
1144	1
1145	1
1146	0
1147	0
1148	1
1149	1
1150	0
1151	0
1152	1
1153	1
1154	0
1155	0
1156	0
1157	1
1158	1
1159	0
1160	0
1161	1
1162	1
1163	1
1164	0
1165	0
1166	1
1167	1
1168	1
1169	0
1170	0
1171	0
1172	1
1173	1
1174	1
1175	0
1176	0
1177	0
1178	0
1179	1
1180	1
1181	1
1182	0
1183	0
1184	0
1185	0
1186	1
1187	1
1188	1
1189	1
1190	1
1191	0
1192	0
1193	0
1194	0
1195	0
1196	0
1197	0
1198	1
1199	1
1200	1
1201	1
1202	1
1203	1
1204	1
1205	1
1206	1
1207	1
1208	1
1209	1
1210	1
1211	1
1212	1
1213	1
1214	1
1215	1
1216	1
1217	1
1218	1
1219	1
1220	1
1221	1
1222	1
1223	1
1224	1
1225	1
1226	0
1227	0
1228	0
1229	0
1230	0
1231	0
1232	1
1233	1
1234	1
1235	1
1236	1
1237	0
1238	0
1239	0
1240	0
1241	1
1242	1
1243	1
1244	1
1245	0
1246	0
1247	0
1248	1
1249	1
1250	1
1251	0
1252	0
1253	0
1254	1
1255	1
1256	1
1257	0
1258	0
1259	0
1260	1
1261	1
1262	0
1263	0
1264	1
1265	1
1266	1
1267	0
1268	0
1269	1
1270	1
1271	0
1272	0
1273	1
1274	1
1275	1
1276	0
1277	0
1278	1
1279	1
1280	0
1281	0
1282	1
1283	1
1284	0
1285	0
1286	1
1287	1
1288	0
1289	0
1290	1
1291	0
1292	0
1293	1
1294	1
1295	0
1296	0
1297	1
1298	1
1299	0
1300	0
1301	1
1302	1
1303	0
1304	0
1305	1
1306	0
1307	0
1308	1
1309	1
1310	0
1311	0
1312	1
1313	1
1314	0
1315	0
1316	1
1317	1
1318	0
1319	0
1320	1
1321	0
1322	0
1323	1
1324	1
1325	0
1326	0
1327	1
1328	1
1329	0
1330	0
1331	1
1332	1
1333	0
1334	0
1335	0
1336	1
1337	1
1338	0
1339	0
1340	1
1341	1
1342	0
1343	0
1344	1
1345	1
1346	1
1347	0
1348	0
1349	1
1350	1
1351	1
1352	0
1353	0
1354	0
1355	1
1356	1
1357	1
1358	0
1359	0
1360	0
1361	1
1362	1
1363	1
1364	0
1365	0
1366	0
1367	1
1368	1
1369	1
1370	1
1371	0
1372	0
1373	0
1374	0
1375	0
1376	1
1377	1
1378	1
1379	1
1380	1
1381	1
1382	0
1383	0
1384	0
1385	0
1386	0
1387	0
1388	0
1389	0
1390	0
1391	0
1392	0
1393	0
1394	0
1395	0
1396	0
1397	0
1398	0
1399	0
1400	0
1401	0
1402	0
1403	0
1404	0
1405	0
1406	0
1407	0
1408	0
1409	0
1410	0
1411	0
1412	0
1413	0
1414	1
1415	1
1416	1
1417	1
1418	1
1419	1
1420	0
1421	0
1422	0
1423	0
1424	1
1425	1
1426	1
1427	1
1428	0
1429	0
1430	0
1431	0
1432	1
1433	1
1434	1
1435	0
1436	0
1437	0
1438	1
1439	1
1440	1
1441	0
1442	0
1443	0
1444	1
1445	1
1446	0
1447	0
1448	0
1449	1
1450	1
1451	0
1452	0
1453	0
1454	1
1455	1
1456	0
1457	0
1458	1
1459	1
1460	0
1461	0
1462	1
1463	1
1464	0
1465	0
1466	1
1467	1
1468	0
1469	0
1470	1
1471	1
1472	0
1473	0
1474	1
1475	1
1476	0
1477	0
1478	1
1479	1
1480	0
1481	0
1482	1
1483	1
1484	0
1485	0
1486	1
1487	0
1488	0
1489	1
1490	1
1491	0
1492	0
1493	1
1494	1
1495	0
1496	0
1497	1
1498	1
1499	0
1500	1
1501	1
1502	0
1503	0
1504	1
1505	1
1506	0
1507	0
1508	1
1509	1
1510	0
1511	0
1512	1
1513	1
1514	0
1515	0
1516	1
1517	1
1518	0
1519	0
1520	1
1521	1
1522	0
1523	0
1524	1
1525	1
1526	1
1527	0
1528	0
1529	1
1530	1
1531	0
1532	0
1533	0
1534	1
1535	1
1536	0
1537	0
1538	0
1539	1
1540	1
1541	1
1542	0
1543	0
1544	1
1545	1
1546	1
1547	1
1548	0
1549	0
1550	0
1551	1
1552	1
1553	1
1554	1
1555	0
1556	0
1557	0
1558	0
1559	1
1560	1
1561	1
1562	1
1563	1
1564	0
1565	0
1566	0
1567	0
1568	0
1569	0
1570	1
1571	1
1572	1
1573	1
1574	1
1575	1
1576	1
1577	1
1578	1
1579	1
1580	1
1581	1
1582	1
1583	1
1584	1
1585	1
1586	1
1587	1
1588	1
1589	1
1590	1
1591	1
1592	1
1593	1
1594	1
1595	1
1596	1
1597	1
1598	0
1599	0
1600	0
1601	0
1602	0
1603	0
1604	1
1605	1
1606	1
1607	1
1608	1
1609	0
1610	0
1611	0
1612	0
1613	0
1614	1
1615	1
1616	1
1617	0
1618	0
1619	0
1620	0
1621	1
1622	1
1623	1
1624	0
1625	0
1626	0
1627	1
1628	1
1629	0
1630	0
1631	0
1632	1
1633	1
1634	0
1635	0
1636	0
1637	1
1638	1
1639	0
1640	0
1641	1
1642	1
1643	1
1644	0
1645	0
1646	1
1647	1
1648	0
1649	0
1650	1
1651	1
1652	0
1653	0
1654	1
1655	1
1656	0
1657	0
1658	1
1659	1
1660	0
1661	0
1662	1
1663	1
1664	0
1665	0
1666	1
1667	1
1668	0
1669	1
1670	1
1671	0
1672	0
1673	1
1674	1
1675	0
1676	0
1677	1
1678	1
1679	0
1680	0
1681	1
1682	0
1683	0
1684	1
1685	1
1686	0
1687	0
1688	1
1689	1
1690	0
1691	0
1692	1
1693	1
1694	0
1695	0
1696	1
1697	1
1698	0
1699	0
1700	1
1701	1
1702	0
1703	0
1704	1
1705	1
1706	0
1707	0
1708	1
1709	1
1710	0
1711	0
1712	1
1713	1
1714	1
1715	0
1716	0
1717	1
1718	1
1719	0
1720	0
1721	0
1722	1
1723	1
1724	0
1725	0
1726	0
1727	1
1728	1
1729	1
1730	0
1731	0
1732	0
1733	1
1734	1
1735	1
1736	0
1737	0
1738	0
1739	0
1740	1
1741	1
1742	1
1743	1
1744	0
1745	0
1746	0
1747	0
1748	0
1749	1
1750	1
1751	1
1752	1
1753	1
1754	0
1755	0
1756	0
1757	0
1758	0
1759	0
1760	0
1761	0
1762	0
1763	0
1764	0
1765	0
1766	0
1767	0
1768	0
1769	0
1770	0
1771	0
1772	0
1773	0
1774	0
1775	0
1776	0
1777	0
1778	0
1779	0
1780	0
1781	0
1782	0
1783	0
1784	0
1785	0
1786	1
1787	1
1788	1
1789	1
1790	1
1791	1
1792	0
1793	0
1794	0
1795	0
1796	0
1797	1
1798	1
1799	1
1800	1
1801	0
1802	0
1803	0
1804	1
1805	1
1806	1
1807	1
1808	0
1809	0
1810	0
1811	1
1812	1
1813	0
1814	0
1815	0
1816	1
1817	1
1818	1
1819	0
1820	0
1821	1
1822	1
1823	1
1824	0
1825	0
1826	1
1827	1
1828	0
1829	0
1830	1
1831	1
1832	1
1833	0
1834	0
1835	1
1836	1
1837	0
1838	0
1839	1
1840	1
1841	0
1842	0
1843	1
1844	1
1845	0
1846	0
1847	1
1848	1
1849	0
1850	1
1851	1
1852	0
1853	0
1854	1
1855	1
1856	0
1857	0
1858	1
1859	1
1860	0
1861	0
1862	1
1863	1
1864	0
1865	1
1866	1
1867	0
1868	0
1869	1
1870	1
1871	0
1872	0
1873	1
1874	1
1875	0
1876	0
1877	1
1878	1
1879	0
1880	1
1881	1
1882	0
1883	0
1884	1
1885	1
1886	0
1887	0
1888	1
1889	1
1890	0
1891	0
1892	1
1893	1
1894	1
1895	0
1896	0
1897	1
1898	1
1899	0
1900	0
1901	1
1902	1
1903	1
1904	0
1905	0
1906	1
1907	1
1908	1
1909	0
1910	0
1911	1
1912	1
1913	1
1914	0
1915	0
1916	0
1917	1
1918	1
1919	1
1920	0
1921	0
1922	0
1923	1
1924	1
1925	1
1926	1
1927	0
1928	0
1929	0
1930	0
1931	1
1932	1
1933	1
1934	1
1935	1
1936	0
1937	0
1938	0
1939	0
1940	0
1941	0
1942	0
1943	1
1944	1
1945	1
1946	1
1947	1
1948	1
1949	1
1950	1
1951	1
1952	1
1953	1
1954	1
1955	1
1956	1
1957	1
1958	1
1959	1
1960	1
1961	1
1962	1
1963	1
1964	1
1965	1
1966	1
1967	1
1968	1
1969	1
1970	0
1971	0
1972	0
1973	0
1974	0
1975	0
1976	0
1977	1
1978	1
1979	1
1980	1
1981	1
1982	0
1983	0
1984	0
1985	0
1986	1
1987	1
1988	1
1989	1
1990	0
1991	0
1992	0
1993	1
1994	1
1995	1
1996	0
1997	0
1998	0
1999	1
2000	1
2001	1
2002	0
2003	0
2004	1
2005	1
2006	1
2007	0
2008	0
2009	1
2010	1
2011	1
2012	0
2013	0
2014	1
2015	1
2016	0
2017	0
2018	1
2019	1
2020	0
2021	0
2022	1
2023	1
2024	0
2025	0
2026	1
2027	1
2028	0
2029	0
2030	1
2031	1
2032	0
2033	0
2034	1
2035	1
2036	0
2037	0
2038	1
2039	1
2040	0
2041	0
2042	1
2043	1
2044	0
2045	0
2046	1
2047	0
2048	0
2049	1
2050	1
2051	0
2052	0
2053	1
2054	1
2055	0
2056	0
2057	1
2058	1
2059	0
2060	1
2061	1
2062	0
2063	0
2064	1
2065	1
2066	0
2067	0
2068	1
2069	1
2070	0
2071	0
2072	1
2073	1
2074	0
2075	0
2076	1
2077	1
2078	0
2079	0
2080	1
2081	1
2082	0
2083	0
2084	0
2085	1
2086	1
2087	0
2088	0
2089	1
2090	1
2091	1
2092	0
2093	0
2094	1
2095	1
2096	1
2097	0
2098	0
2099	1
2100	1
2101	1
2102	0
2103	0
2104	0
2105	1
2106	1
2107	1
2108	1
2109	0
2110	0
2111	0
2112	1
2113	1
2114	1
2115	1
2116	0
2117	0
2118	0
2119	0
2120	0
2121	1
2122	1
2123	1
2124	1
2125	1
2126	1
2127	0
2128	0
2129	0
2130	0
2131	0
2132	0
2133	0
2134	0
2135	0
2136	0
2137	0
2138	0
2139	0
2140	0
2141	0
2142	0
2143	0
2144	0
2145	0
2146	0
2147	0
2148	0
2149	0
2150	0
2151	0
2152	0
2153	0
2154	0
2155	0
2156	0
2157	0
2158	1
2159	1
2160	1
2161	1
2162	1
2163	1
2164	0
2165	0
2166	0
2167	0
2168	0
2169	1
2170	1
2171	1
2172	1
2173	0
2174	0
2175	0
2176	0
2177	1
2178	1
2179	1
2180	0
2181	0
2182	0
2183	1
2184	1
2185	1
2186	0
2187	0
2188	1
2189	1
2190	1
2191	0
2192	0
2193	0
2194	1
2195	1
2196	0
2197	0
2198	1
2199	1
2200	1
2201	0
2202	0
2203	1
2204	1
2205	0
2206	0
2207	1
2208	1
2209	0
2210	0
2211	1
2212	1
2213	0
2214	0
2215	1
2216	1
2217	0
2218	0
2219	1
2220	1
2221	0
2222	0
2223	1
2224	1
2225	0
2226	0
2227	1
2228	0
2229	0
2230	1
2231	1
2232	0
2233	0
2234	1
2235	1
2236	0
2237	0
2238	1
2239	1
2240	0
2241	1
2242	1
2243	0
2244	0
2245	1
2246	1
2247	0
2248	0
2249	1
2250	1
2251	0
2252	0
2253	1
2254	1
2255	0
2256	0
2257	1
2258	1
2259	0
2260	0
2261	1
2262	1
2263	0
2264	0
2265	1
2266	1
2267	0
2268	0
2269	1
2270	1
2271	0
2272	0
2273	0
2274	1
2275	1
2276	0
2277	0
2278	1
2279	1
2280	1
2281	0
2282	0
2283	0
2284	1
2285	1
2286	0
2287	0
2288	0
2289	1
2290	1
2291	1
2292	0
2293	0
2294	0
2295	0
2296	1
2297	1
2298	1
2299	0
2300	0
2301	0
2302	0
2303	1
2304	1
2305	1
2306	1
2307	1
2308	0
2309	0
2310	0
2311	0
2312	0
2313	0
2314	0
2315	1
2316	1
2317	1
2318	1
2319	1
2320	1
2321	1
2322	1
2323	1
2324	1
2325	1
2326	1
2327	1
2328	1
2329	1
2330	1
2331	1
2332	1
2333	1
2334	1
2335	1
2336	1
2337	1
2338	1
2339	1
2340	1
2341	1
2342	1
2343	0
2344	0
2345	0
2346	0
2347	0
2348	0
2349	1
2350	1
2351	1
2352	1
2353	1
2354	0
2355	0
2356	0
2357	0
2358	1
2359	1
2360	1
2361	1
2362	0
2363	0
2364	0
2365	1
2366	1
2367	1
2368	0
2369	0
2370	0
2371	1
2372	1
2373	1
2374	0
2375	0
2376	0
2377	1
2378	1
2379	0
2380	0
2381	0
2382	1
2383	1
2384	0
2385	0
2386	1
2387	1
2388	0
2389	0
2390	0
2391	1
2392	1
2393	0
2394	0
2395	1
2396	1
2397	0
2398	0
2399	1
2400	1
2401	0
2402	0
2403	1
2404	1
2405	0
2406	0
2407	1
2408	1
2409	0
2410	1
2411	1
2412	0
2413	0
2414	1
2415	1
2416	0
2417	0
2418	1
2419	1
2420	0
2421	0
2422	1
2423	0
2424	0
2425	1
2426	1
2427	0
2428	0
2429	1
2430	1
2431	0
2432	0
2433	1
2434	1
2435	0
2436	0
2437	1
2438	1
2439	0
2440	1
2441	1
2442	0
2443	0
2444	1
2445	1
2446	0
2447	0
2448	1
2449	1
2450	1
2451	0
2452	0
2453	1
2454	1
2455	0
2456	0
2457	1
2458	1
2459	0
2460	0
2461	0
2462	1
2463	1
2464	0
2465	0
2466	1
2467	1
2468	1
2469	0
2470	0
2471	0
2472	1
2473	1
2474	1
2475	0
2476	0
2477	0
2478	1
2479	1
2480	1
2481	0
2482	0
2483	0
2484	0
2485	1
2486	1
2487	1
2488	1
2489	0
2490	0
2491	0
2492	0
2493	1
2494	1
2495	1
2496	1
2497	1
2498	1
2499	0
2500	0
2501	0
2502	0
2503	0
2504	0
2505	0
2506	0
2507	0
2508	0
2509	0
2510	0
2511	0
2512	0
2513	0
2514	0
2515	0
2516	0
2517	0
2518	0
2519	0
2520	0
2521	0
2522	0
2523	0
2524	0
2525	0
2526	0
2527	0
2528	0
2529	0
2530	0
2531	1
2532	1
2533	1
2534	1
2535	1
2536	1
2537	0
2538	0
2539	0
2540	0
2541	1
2542	1
2543	1
2544	1
2545	0
2546	0
2547	0
2548	0
2549	1
2550	1
2551	1
2552	0
2553	0
2554	0
2555	1
2556	1
2557	1
2558	0
2559	0
2560	0
2561	1
2562	1
2563	0
2564	0
2565	0
2566	1
2567	1
2568	0
2569	0
2570	0
2571	1
2572	1
2573	0
2574	0
2575	1
2576	1
2577	0
2578	0
2579	1
2580	1
2581	0
2582	0
2583	0
2584	1
2585	1
2586	0
2587	1
2588	1
2589	0
2590	0
2591	1
2592	1
2593	0
2594	0
2595	1
2596	1
2597	0
2598	0
2599	1
2600	1
2601	0
2602	0
2603	1
2604	1
2605	0
2606	1
2607	1
2608	0
2609	0
2610	1
2611	1
2612	0
2613	0
2614	1
2615	1
2616	0
2617	0
2618	1
2619	0
2620	0
2621	1
2622	1
2623	0
2624	0
2625	1
2626	1
2627	0
2628	0
2629	1
2630	1
2631	0
2632	0
2633	1
2634	1
2635	0
2636	0
2637	1
2638	1
2639	0
2640	0
2641	0
2642	1
2643	1
2644	0
2645	0
2646	1
2647	1
2648	0
2649	0
2650	0
2651	1
2652	1
2653	0
2654	0
2655	0
2656	1
2657	1
2658	1
2659	0
2660	0
2661	0
2662	1
2663	1
2664	1
2665	0
2666	0
2667	0
2668	1
2669	1
2670	1
2671	1
2672	0
2673	0
2674	0
2675	0
2676	1
2677	1
2678	1
2679	1
2680	1
2681	0
2682	0
2683	0
2684	0
2685	0
2686	0
2687	1
2688	1
2689	1
2690	1
2691	1
2692	1
2693	1
2694	1
2695	1
2696	1
2697	1
2698	1
2699	1
2700	1
2701	1
2702	1
2703	1
2704	1
2705	1
2706	1
2707	1
2708	1
2709	1
2710	1
2711	1
2712	1
2713	1
2714	1
2715	0
2716	0
2717	0
2718	0
2719	0
2720	0
2721	0
2722	1
2723	1
2724	1
2725	1
2726	0
2727	0
2728	0
2729	0
2730	0
2731	1
2732	1
2733	1
2734	0
2735	0
2736	0
2737	0
2738	1
2739	1
2740	1
2741	0
2742	0
2743	0
2744	1
2745	1
2746	0
2747	0
2748	0
2749	1
2750	1
2751	0
2752	0
2753	0
2754	1
2755	1
2756	0
2757	0
2758	0
2759	1
2760	1
2761	0
2762	0
2763	1
2764	1
2765	0
2766	0
2767	1
2768	1
2769	0
2770	0
2771	1
2772	1
2773	0
2774	0
2775	1
2776	1
2777	0
2778	0
2779	1
2780	1
2781	0
2782	0
2783	1
2784	1
2785	0
2786	0
2787	1
2788	0
2789	0
2790	1
2791	1
2792	0
2793	0
2794	1
2795	1
2796	0
2797	0
2798	1
2799	1
2800	0
2801	1
2802	1
2803	0
2804	0
2805	1
2806	1
2807	0
2808	0
2809	1
2810	1
2811	0
2812	0
2813	1
2814	1
2815	0
2816	0
2817	1
2818	1
2819	0
2820	0
2821	1
2822	1
2823	0
2824	0
2825	1
2826	1
2827	0
2828	0
2829	1
2830	1
2831	1
2832	0
2833	0
2834	1
2835	1
2836	0
2837	0
2838	0
2839	1
2840	1
2841	0
2842	0
2843	0
2844	1
2845	1
2846	1
2847	0
2848	0
2849	0
2850	1
2851	1
2852	1
2853	0
2854	0
2855	0
2856	0
2857	1
2858	1
2859	1
2860	1
2861	0
2862	0
2863	0
2864	0
2865	0
2866	1
2867	1
2868	1
2869	1
2870	1
2871	1
2872	0
2873	0
2874	0
2875	0
2876	0
2877	0
2878	0
2879	0
2880	0
2881	0
2882	0
2883	0
2884	0
2885	0
2886	0
2887	0
2888	0
2889	0
2890	0
2891	0
2892	0
2893	0
2894	0
2895	0
2896	0
2897	0
2898	0
2899	0
2900	0
2901	0
2902	0
2903	1
2904	1
2905	1
2906	1
2907	1
2908	1
2909	0
2910	0
2911	0
2912	0
2913	0
2914	1
2915	1
2916	1
2917	1
2918	0
2919	0
2920	0
2921	1
2922	1
2923	1
2924	1
2925	0
2926	0
2927	0
2928	1
2929	1
2930	0
2931	0
2932	0
2933	1
2934	1
2935	1
2936	0
2937	0
2938	1
2939	1
2940	1
2941	0
2942	0
2943	1
2944	1
2945	0
2946	0
2947	1
2948	1
2949	1
2950	0
2951	0
2952	1
2953	1
2954	0
2955	0
2956	1
2957	1
2958	0
2959	0
2960	1
2961	1
2962	0
2963	0
2964	1
2965	1
2966	0
2967	0
2968	1
2969	0
2970	0
2971	1
2972	1
2973	0
2974	0
2975	1
2976	1
2977	0
2978	0
2979	1
2980	1
2981	0
2982	1
2983	1
2984	0
2985	0
2986	1
2987	1
2988	0
2989	0
2990	1
2991	1
2992	0
2993	0
2994	1
2995	1
2996	0
2997	0
2998	1
2999	0
3000	0
3001	1
3002	1
3003	0
3004	0
3005	1
3006	1
3007	1
3008	0
3009	0
3010	1
3011	1
3012	0
3013	0
3014	1
3015	1
3016	0
3017	0
3018	1
3019	1
3020	1
3021	0
3022	0
3023	1
3024	1
3025	1
3026	0
3027	0
3028	1
3029	1
3030	1
3031	0
3032	0
3033	0
3034	1
3035	1
3036	1
3037	0
3038	0
3039	0
3040	1
3041	1
3042	1
3043	1
3044	0
3045	0
3046	0
3047	0
3048	1
3049	1
3050	1
3051	1
3052	1
3053	0
3054	0
3055	0
3056	0
3057	0
3058	0
3059	0
3060	1
3061	1
3062	1
3063	1
3064	1
3065	1
3066	1
3067	1
3068	1
3069	1
3070	1
3071	1
3072	1
3073	1
3074	1
3075	1
3076	1
3077	1
3078	1
3079	1
3080	1
3081	1
3082	1
3083	1
3084	1
3085	1
3086	1
3087	0
3088	0
3089	0
3090	0
3091	0
3092	0
3093	0
3094	1
3095	1
3096	1
3097	1
3098	1
3099	0
3100	0
3101	0
3102	0
3103	1
3104	1
3105	1
3106	1
3107	0
3108	0
3109	0
3110	1
3111	1
3112	1
3113	0
3114	0
3115	0
3116	1
3117	1
3118	1
3119	0
3120	0
3121	1
3122	1
3123	1
3124	0
3125	0
3126	1
3127	1
3128	1
3129	0
3130	0
3131	1
3132	1
3133	0
3134	0
3135	1
3136	1
3137	0
3138	0
3139	1
3140	1
3141	1
3142	0
3143	0
3144	1
3145	1
3146	0
3147	0
3148	1
3149	0
3150	0
3151	1
3152	1
3153	0
3154	0
3155	1
3156	1
3157	0
3158	0
3159	1
3160	1
3161	0
3162	0
3163	1
3164	1
3165	0
3166	1
3167	1
3168	0
3169	0
3170	1
3171	1
3172	0
3173	0
3174	1
3175	1
3176	0
3177	0
3178	1
3179	0
3180	0
3181	1
3182	1
3183	0
3184	0
3185	1
3186	1
3187	0
3188	0
3189	1
3190	1
3191	0
3192	0
3193	1
3194	1
3195	0
3196	0
3197	1
3198	1
3199	1
3200	0
3201	0
3202	1
3203	1
3204	0
3205	0
3206	1
3207	1
3208	1
3209	0
3210	0
3211	1
3212	1
3213	1
3214	0
3215	0
3216	0
3217	1
3218	1
3219	0
3220	0
3221	0
3222	1
3223	1
3224	1
3225	1
3226	0
3227	0
3228	0
3229	1
3230	1
3231	1
3232	1
3233	0
3234	0
3235	0
3236	0
3237	0
3238	1
3239	1
3240	1
3241	1
3242	1
3243	1
3244	0
3245	0
3246	0
3247	0
3248	0
3249	0
3250	0
3251	0
3252	0
3253	0
3254	0
3255	0
3256	0
3257	0
3258	0
3259	0
3260	0
3261	0
3262	0
3263	0
3264	0
3265	0
3266	0
3267	0
3268	0
3269	0
3270	0
3271	0
3272	0
3273	0
3274	0
3275	1
3276	1
3277	1
3278	1
3279	1
3280	1
3281	0
3282	0
3283	0
3284	0
3285	0
3286	1
3287	1
3288	1
3289	1
3290	0
3291	0
3292	0
3293	0
3294	1
3295	1
3296	1
3297	0
3298	0
3299	0
3300	1
3301	1
3302	1
3303	0
3304	0
3305	0
3306	1
3307	1
3308	0
3309	0
3310	0
3311	1
3312	1
3313	0
3314	0
3315	1
3316	1
3317	1
3318	0
3319	0
3320	1
3321	1
3322	0
3323	0
3324	1
3325	1
3326	0
3327	0
3328	1
3329	1
3330	0
3331	0
3332	1
3333	1
3334	0
3335	0
3336	1
3337	1
3338	0
3339	0
3340	1
3341	1
3342	0
3343	0
3344	1
3345	1
3346	0
3347	1
3348	1
3349	0
3350	0
3351	1
3352	1
3353	0
3354	0
3355	1
3356	1
3357	0
3358	0
3359	1
3360	0
3361	0
3362	1
3363	1
3364	0
3365	0
3366	1
3367	1
3368	0
3369	0
3370	1
3371	1
3372	0
3373	0
3374	1
3375	1
3376	0
3377	0
3378	1
3379	1
3380	0
3381	0
3382	1
3383	1
3384	0
3385	0
3386	1
3387	1
3388	0
3389	0
3390	0
3391	1
3392	1
3393	0
3394	0
3395	0
3396	1
3397	1
3398	0
3399	0
3400	0
3401	1
3402	1
3403	0
3404	0
3405	0
3406	1
3407	1
3408	1
3409	0
3410	0
3411	0
3412	0
3413	1
3414	1
3415	1
3416	0
3417	0
3418	0
3419	0
3420	0
3421	1
3422	1
3423	1
3424	1
3425	0
3426	0
3427	0
3428	0
3429	0
3430	0
3431	0
3432	1
3433	1
3434	1
3435	1
3436	1
3437	1
3438	1
3439	1
3440	1
3441	1
3442	1
3443	1
3444	1
3445	1
3446	1
3447	1
3448	1
3449	1
3450	1
3451	1
3452	1
3453	1
3454	1
3455	1
3456	1
3457	1
3458	1
3459	1
3460	0
3461	0
3462	0
3463	0
3464	0
3465	0
3466	1
3467	1
3468	1
3469	1
3470	1
3471	0
3472	0
3473	0
3474	0
3475	1
3476	1
3477	1
3478	1
3479	0
3480	0
3481	0
3482	1
3483	1
3484	1
3485	0
3486	0
3487	0
3488	1
3489	1
3490	1
3491	0
3492	0
3493	0
3494	1
3495	1
3496	0
3497	0
3498	0
3499	1
3500	1
3501	0
3502	0
3503	1
3504	1
3505	0
3506	0
3507	0
3508	1
3509	1
3510	0
3511	0
3512	1
3513	1
3514	0
3515	0
3516	1
3517	1
3518	0
3519	0
3520	1
3521	1
3522	0
3523	0
3524	1
3525	1
3526	0
3527	0
3528	1
3529	0
3530	0
3531	1
3532	1
3533	0
3534	0
3535	1
3536	1
3537	0
3538	0
3539	1
3540	1
3541	0
3542	1
3543	1
3544	0
3545	0
3546	1
3547	1
3548	0
3549	0
3550	1
3551	1
3552	0
3553	0
3554	1
3555	1
3556	0
3557	0
3558	1
3559	1
3560	0
3561	1
3562	1
3563	0
3564	0
3565	0
3566	1
3567	1
3568	0
3569	0
3570	1
3571	1
3572	0
3573	0
3574	1
3575	1
3576	0
3577	0
3578	0
3579	1
3580	1
3581	0
3582	0
3583	0
3584	1
3585	1
3586	0
3587	0
3588	0
3589	1
3590	1
3591	1
3592	0
3593	0
3594	0
3595	1
3596	1
3597	1
3598	0
3599	0
3600	0
3601	0
3602	1
3603	1
3604	1
3605	1
3606	0
3607	0
3608	0
3609	0
3610	1
3611	1
3612	1
3613	1
3614	1
3615	1
3616	0
3617	0
3618	0
3619	0
3620	0
3621	0
3622	0
3623	0
3624	0
3625	0
3626	0
3627	0
3628	0
3629	0
3630	0
3631	0
3632	0
3633	0
3634	0
3635	0
3636	0
3637	0
3638	0
3639	0
3640	0
3641	0
3642	0
3643	0
3644	0
3645	0
3646	0
3647	0
3648	1
3649	1
3650	1
3651	1
3652	1
3653	1
3654	0
3655	0
3656	0
3657	0
3658	1
3659	1
3660	1
3661	1
3662	0
3663	0
3664	0
3665	0
3666	1
3667	1
3668	1
3669	0
3670	0
3671	0
3672	1
3673	1
3674	1
3675	0
3676	0
3677	0
3678	1
3679	1
3680	1
3681	0
3682	0
3683	1
3684	1
3685	0
3686	0
3687	0
3688	1
3689	1
3690	0
3691	0
3692	1
3693	1
3694	0
3695	0
3696	1
3697	1
3698	1
3699	0
3700	0
3701	1
3702	1
3703	0
3704	0
3705	1
3706	1
3707	0
3708	1
3709	1
3710	0
3711	0
3712	1
3713	1
3714	0
3715	0
3716	1
3717	1
3718	0
3719	0
3720	1
3721	1
3722	0
3723	0
3724	1
3725	0
3726	0
3727	1
3728	1
3729	0
3730	0
3731	1
3732	1
3733	0
3734	0
3735	1
3736	1
3737	0
3738	1
3739	1
3740	0
3741	0
3742	1
3743	1
3744	0
3745	0
3746	1
3747	1
3748	0
3749	0
3750	1
3751	1
3752	0
3753	0
3754	1
3755	1
3756	0
3757	0
3758	0
3759	1
3760	1
3761	0
3762	0
3763	1
3764	1
3765	0
3766	0
3767	0
3768	1
3769	1
3770	0
3771	0
3772	0
3773	1
3774	1
3775	1
3776	0
3777	0
3778	0
3779	1
3780	1
3781	1
3782	0
3783	0
3784	0
3785	1
3786	1
3787	1
3788	1
3789	0
3790	0
3791	0
3792	0
3793	1
3794	1
3795	1
3796	1
3797	1
3798	0
3799	0
3800	0
3801	0
3802	0
3803	0
3804	1
3805	1
3806	1
3807	1
3808	1
3809	1
3810	1
3811	1
3812	1
3813	1
3814	1
3815	1
3816	1
3817	1
3818	1
3819	1
3820	1
3821	1
3822	1
3823	1
3824	1
3825	1
3826	1
3827	1
3828	1
3829	1
3830	1
3831	1
3832	0
3833	0
3834	0
3835	0
3836	0
3837	0
3838	0
3839	1
3840	1
3841	1
3842	1
3843	1
3844	0
3845	0
3846	0
3847	0
3848	1
3849	1
3850	1
3851	0
3852	0
3853	0
3854	0
3855	1
3856	1
3857	1
3858	0
3859	0
3860	0
3861	1
3862	1
3863	0
3864	0
3865	0
3866	1
3867	1
3868	1
3869	0
3870	0
3871	1
3872	1
3873	0
3874	0
3875	0
3876	1
3877	1
3878	0
3879	0
3880	1
3881	1
3882	0
3883	0
3884	1
3885	1
3886	0
3887	0
3888	1
3889	1
3890	0
3891	0
3892	1
3893	1
3894	0
3895	0
3896	1
3897	1
3898	0
3899	0
3900	1
3901	1
3902	0
3903	0
3904	1
3905	1
3906	0
3907	1
3908	1
3909	0
3910	0
3911	1
3912	1
3913	0
3914	0
3915	1
3916	1
3917	0
3918	0
3919	1
3920	0
3921	0
3922	1
3923	1
3924	0
3925	0
3926	1
3927	1
3928	0
3929	0
3930	1
3931	1
3932	0
3933	0
3934	1
3935	1
3936	0
3937	0
3938	1
3939	1
3940	0
3941	0
3942	1
3943	1
3944	0
3945	0
3946	1
3947	1
3948	1
3949	0
3950	0
3951	1
3952	1
3953	0
3954	0
3955	0
3956	1
3957	1
3958	1
3959	0
3960	0
3961	1
3962	1
3963	1
3964	0
3965	0
3966	0
3967	1
3968	1
3969	1
3970	0
3971	0
3972	0
3973	0
3974	1
3975	1
3976	1
3977	1
3978	0
3979	0
3980	0
3981	0
3982	0
3983	1
3984	1
3985	1
3986	1
3987	1
3988	1
3989	0
3990	0
3991	0
3992	0
3993	0
3994	0
3995	0
3996	0
3997	0
3998	0
3999	0
4000	0
4001	0
4002	0
4003	0
4004	0
4005	0
4006	0
4007	0
4008	0
4009	0
4010	0
4011	0
4012	0
4013	0
4014	0
4015	0
4016	0
4017	0
4018	0
4019	0
4020	1
4021	1
4022	1
4023	1
4024	1
4025	1
4026	0
4027	0
4028	0
4029	0
4030	0
4031	1
4032	1
4033	1
4034	1
4035	0
4036	0
4037	0
4038	1
4039	1
4040	1
4041	1
4042	0
4043	0
4044	0
4045	1
4046	1
4047	1
4048	0
4049	0
4050	1
4051	1
4052	1
4053	0
4054	0
4055	1
4056	1
4057	1
4058	0
4059	0
4060	1
4061	1
4062	0
4063	0
4064	0
4065	1
4066	1
4067	0
4068	0
4069	1
4070	1
4071	0
4072	0
4073	1
4074	1
4075	0
4076	0
4077	1
4078	1
4079	0
4080	0
4081	1
4082	1
4083	0
4084	0
4085	1
4086	1
4087	0
4088	1
4089	1
4090	0
4091	0
4092	1
4093	1
4094	0
4095	0
4096	1